#OTU ID	D06	G22	G29	G31	G43	H03	H05	I02	I04	I06	I14	M08	M20	P02	P14	P23	X02	Y07	Y09	Y19	Z10	B02	B08	B09	B13	B15	B19	B23	B25	A12	A20	A22	A24	C04	C14	E04	E06	E07	G27	G37	G39	K15	K27	M02	M14	P27	X04	Z06	Z07	OA11r1	OA13r1	OA7r2	OA9r1	OB03r2	OB05r2	OB18r1	OB24r1	OM15r2	OM17r2	OM21r1	OG24B2A
Gp_EAB_462	130	787	732	134	580	228	1298	970	833	24	3	719	743	122	104	347	947	723	1574	29	420	5266	574	302	15	30	162	210	176	291	343	34	1240	283	233	122	795	66	247	267	913	379	261	85	95	226	123	784	336	165	2401	257	87	305	130	417	201	70	158	326	60
Gp_MJ1_12	144	505	268	627	103	148	759	273	421	2533	13	626	1640	66	1084	137	135	325	23	2426	665	7203	595	378	1207	1393	1851	1231	227	37935	428	48	978	1931	26944	46	940	502	913	1111	1451	3699	2999	2672	419	4204	659	1005	3357	11462	1157	891	3485	4465	2837	2197	424	2693	3227	1422	415
Gp_MJ1_149	2	6	1	170	21	48	253	4	4	10	54	33	9	6	46	12	10	6	1	7	6	23	131	18	26	106	113	166	7	39	43	99	28	10380	71	25	213	19	30	16	18	754	105	91	13	103	40	55	135	61	41	40	190	91	103	222	5	15	176	65	10
Gp_MJ1_272	2	6	17	164	72	79	54	22	78	211	21	10855	28	31	37	115	3	78	236	990	44	47	40	79	118303	239	44	74	24	104	26	3834	46	90	186	81	67	31	88	24	33	51	112	218	315	55	88	81	62	115	88	50	744	100	205	75	63	310	300	76	188
Gp_MJ1_444	21	73	33	307	322	161816	482	67	87	869	89	215	174	186	286	274	96	153	145099	610	192	640	239	529	2181	671	534	939	919	2402	113	334	637	1099	1091	818	1222	207	469	427	370	933	1248	990	1715	1054	355	499	629	1038	1245	847	1257	1390	2200	930	673	1406	1509	727	360
Gp_MJ2_113	138	76	812	1018	987	157	972	332	731	2708	16046	415	59	370	75	258	348	614	79	527	1328	428	3107	944	1154	2353	532	626	2126	210	635	4042	5708	924	758	5027	1894	8703	1323	996	601	102	704	113	9054	604	1448	3028	666	296	469	577	6535	234	317	412	423	201	3673	1964	782
Gp_MJ3_423	25	5	26	38	413	188	18	18	9	4	2	174	11	5	203	30	14	12	82	15	180	223	592	116	402	420	603	200	254	496	6683	75060	46	13232	353	2427	5457	21	612	15	66	9861	1643	1240	45	174	226	881	80	3478	638	1711	49	5081	1044	570	198	102	874	518	88
Gp_MJ3_477	59	51	696	1903	689	1390	859	348	300	1164	9604	731	262	149	315	405	213	579	411	878	986	661	3265	769	620	1027	603	568	2718	437	1060	3311	1782	1598	753	2468	4140	6771	1601	2231	1405	418	936	972	3338	915	6631	4272	338	934	750	870	2091	854	541	343	283	701	1015	1704	2491
Gp_MJ4_197	1	4	4	31	11	6	47	117	13	605	25	81	1287	244	30	26	10	469	1	753	50	378	51	31	289	221	1114	181	27	17311	104	139	423	9280	217	123	2934	62	39	974	1212	287	2449	6840	40	157	3524	18	218	19711	44	320	214	174	275	558	57	294	10148	194	54
Gp_MJ4_65	0	0	0	18	4	0	0	11	2	1	2	7	1	0	0	0	8	3	1	5	83	6	15	14	23	27	7	306	18070	60	0	34	2	8	7	1	4	1	2	0	3	48	8	15	34	10	3	7	102	7	2	7	734	6	1	20	16	35	187	6	16
Gp_NH_148	24	2	21	557	17	109	96	424	7	353	17	95	28	39	291	694	338	161	13	121	293	255	145	19225	255	156	198	184	713	3546	199	86	94	245	864	92	242	99	1361	589	224	1062	232	457	187	354	94	435	1406	801	2698	227	444	1338	313	265	2289	957	5655	164	192
Gp_YAB_333	241	974	337	922	796	3	63	849	6	15	18	9	204	32	22	43	2074	42	11	4	60	1484	12	22	13	8	241	58	32	144	615	2	740	39	20	34	74	153	131	408	1207	8	10	0	25	15	536	21	811	500	18	13	14	62	4	157	3	0	38	66	4
Gp_YAB_339	537	39093	219	34	4196	164	235	1471	394	1	0	6	4	1358	245	18	261	1521	0	690	6675	1628	105	36799	500	263	266	22112	4209	140	1185	678	59	8	723	832	141	64	1567	340	1458	206	124	187	102	15	35	961	642	28	764	481	219	924	442	771	3271	411	43	148	61
Gp_meta27_16	207	114	9	55	10	21	1276	2092	80	62	19	19	175	624	1276	1426	242	345	13	87	798	11756	2755	1398	3157	156	1899	162	40	1050	1250	41	2842	5819	4263	56	5091	473	2733	1678	1485	24314	1199	394	54	8620	52	38	2236	4502	1362	4289	2031	277	271	1726	93	1786	3514	1719	45
Gp_meta27_511	669	792	1335	1213	2861	308	1867	970	485	1331	691	401	678	191	148	332	1527	428	267	269	1768	730	537	432	275	486	816	650	1437	623	810	435	1006	312	1916	805	11940	1712	979	1102	945	255	322	110	1427	725	1076	1415	609	729	792	830	367	388	421	629	786	707	471	383	86
Sg_A01_16	72	8	1	374	2	23	3	11	3	253	2	24	1	2	7	1	39	85	4	713	3	3826	27	2	0	7	21	10	57	2491	12	24	20	41675	2	5	4	4	5	2085	5	86	94	343	20073	10	132	610	75	21	42	4	1647	222	0	636	42	1	1766	32	4
Sg_A07_40	63	3214	4690	35913	16	185	384	5967	2100	86	8	1806	89	362	138	97	5	104	4686	304	115	543	4438	673	465	15269	1020	338	22	1149	142	406	198	55985	3982	310	200	2490	36651	9541	75	671	8825	867	174	206	22709	70	662	9351	20193	2300	420	251	712	3885	118	528	38228	37306	125642
Sg_A11_10	72	132	2875	23562	138	136	2956	229	1589	930	252	1229	1511	2225	5838	2764	95	587	64	596	806	9446	4650	4085	1916	868	4490	25673	486	3506	1259	552	2933	5905	989	203	1790	561	16521	2339	312	2421	1994	73179	404	7211	468	617	922	8030	18109	5288	2023	2772	3454	1513	665	2995	5482	1362	799
Sg_A11_12	6785	1076	2721	71	6553	128	608	2716	2821	0	1	51	5	3553	1798	82	2496	337	23	676	6234	192	653	3979	1926	2140	4108	2358	5780	411	343	6180	1007	70	2795	2721	1532	339	1927	321	1416	224	115	228	162	61	51	1439	1668	295	2415	1838	236	471	2012	2052	5288	519	60	1272	171
Sg_A11_2	32403	6754	793	104	2508	73	4936	4044	3834	2	2	76	16	276334	427	99	1037	83	8	334	5003	5341	268	73817	2284	686	32270	61870	11311	698	846	245625	102	1133	3522	3796	4309	602	1157	3859	2689	263	26945	2860	543	767	78	520	418	279	10186	1781	198	5785	1359	50547	209690	395	45	782	894
Sg_A11_47	11	51	38	24539	15	18	172	111	4829	138	3	251	89	30	87	78	17	87	11	165	244	381	1050	96	60	136	13513	111	5	217	106	41	1767	195	219	5	129	52	2271	247	100	572	3354	268	167	610	13497	61	635	4983	241	223	162	133	186	3156	14	182	153	361	203
Sg_A15_26	8	23	27	312	116	21	191	100	37	190	45	139	27	38	153	52	6	159	5	464	147	106	58	101	127	86	116	169	22	142	94	230	39	80	110	97	68	34	54	98	51	128	60	155	36	60	106	60	64	110	81	91	91	92	156	122	110	86	139	180	252
Sg_A17_17	140	227	237	1347	2128	7943	1226	331	8876	17218	98324	858	352	261	3737	578	86	10686	2175	548800	1275	577	1372	4009	7884	55936	6784	26602	988	1256	1129	103752	2031	1072	1103	111560	1033	1836	1284	900	7185	2589	2188	44352	29171	5596	2415	1599	1170	1067	3042	862	54897	1718	97026	1409	2812	7675	5224	1250	3670
Sg_A19_11	26	1	1	431	0	1	2	206	3	0	1	1	2	0	7	0	21	1	0	6	2	38	19	59	207	37	17780	1050	64	250	33	561	17	94	596	9	6	11	230	10	7	139	18	51	33	32	17	5	866	15	10	55423	245	35	7	198	514	166	51	16	46
Sg_A19_12	58	91	347	1605	650	1326	1652	237	652	44964	60	2808	385	377	1036	1257	94	51653	3690	2648	2133	1914	20264	3912	3626	11776	2398	959	145	1783	633	748	1362	905	2570	9229	867	1645	2262	625	9013	9923	2098	3365	6226	14227	27509	6303	1013	1884	1098	633	21852	10235	6931	1951	770	11863	3116	5328	2248
Sg_A19_18	361	12244	945	2882	300	268	3518	851	7727	5486	5	2601	863	243	2229	2250	365	3560	129	2270	3683	630	1932	1586	1409	733	1117	964	126	1413	1481	23	735	1328	718	265	1487	496	1742	1878	768	1280	2734	3006	504	3882	1656	1550	1007	1024	2213	1140	1356	679	1848	2257	126	3293	2577	2071	2491
Sg_A19_36	4	0	1	50	1	29	18	147	1	3	0	0	0	0	0	6	3	22	0	55568	226	3	648	65	4338	40	2232	976	606	54	840	134	8	1525	1542	894	102	0	275	612	3	27	5	692	0	9	1	3	27	14	58	11	8	0	369	448	11	80	7	62	9
Sg_A19_51	145	207	867	1339	1749	570	1556	1062	949	2174	355	585	688	219	671	775	236	1420	513	5329	563	966	1188	383	1045	444	514	438	532	716	391	447	352	601	408	825	845	1310	491	523	171	932	1544	1428	266	684	1526	1477	571	502	380	454	801	1476	798	581	79	2060	1922	1964	2063
Sg_A20_2	13413	20955	5156	308	1769	65	156	20482	50	1163	1086	41642	44	31	43	12068	14536	407	229	576	2115	15847	995	31	30	60	2966	73	416	6046	24087	131	2157	171	49	360	173	438	7818	41901	2114	849	72	9	88	85	2548	1247	2936	3227	5839	329	93	612	30	1698	1	7	171	3632	47
Sg_A20_35	885	50515	622	126	7759	1	34	21066	9	10	8	730	304	4	14	27	188354	33	160	0	51	1286	26	8	14	0	36492	47	39	94	91519	5	9005	9562	9	12	20	77	60	150	21408	75	4	0	60	11	622	24	3271	263	723	95	84	47	6	2111	4	1	62	298	10
Sg_A22_19	13	5	570	134	184	550	195	63	875	372	4574	1595	57	12	327	14693	139	162	1035	73743	77	169	11697	30241	1385	9032	538	908	130	275	126	76792	73	246	172	34011	141	44453	373	292	273	1164	280	1776	7699	244	333	254	955	205	203	205	12621	910	60306	486	904	16725	1074	4463	58262
Sg_A22_22	4	1	1	567	2	212	3718	1	2712	0	111	6	18	0	2	3	3	6	115	12	6	6	4	1	1	589	4	1	0	6	13966	28663	2	3	10	1	31	0	1	45	1	6	5	4	5	172	2	1	1	4	6	3	1	3	6	2	0	7	179	0	5
Sg_A22_3	1	2	2	39	156	28	9	4	2	50	112	12	0	0	24	47	4	5	23	43	24	29	40	48	53	42	24	97	8	51	6	293791	5	24	30	391	10	49	29	20	31	22	64	109	99	27	38	42	11	16	38	44	193	36	300	12	9	151	28	289	272
Sg_A22_8	428	678	2555	9988	4823	2918	3421	1515	2600	14615	84	12802	8425	2596	5019	2510	496	8268	636	13470	5627	25184	4674	25589	85085	84331	32863	37996	3115	68644	2254	39405	7135	25031	54401	1562	10765	5381	12038	2830	10886	21420	63484	55351	17472	33689	18275	13925	13229	58162	14644	20662	46840	105253	162921	74400	27294	285714	154893	14409	42399
Sg_A24_54	11	35	37	3121	16	81	293	572	615	343	3	265	62	40	99	118	27	75	6	549	190	291	12129	174	298	184	1580	153	10	919	317	18	111100	645	202	36	205	31	26200	581	233	4735	42450	408	291	6114	1350	151	4268	32866	358	1099	349	336	199	597	20	247	183	401	1025
Sg_A27_23	4132	7577	11387	226	3286	10	365	17795	48	103	217	6394	205	474	2554	213	22840	128	2886	113	2412	19617	491	285	235	18	9029	553	418	1085	10777	29	87734	1480	89	65	414	881	1901	3970	7428	748	78	8	194	228	8284	134	2100	2896	7244	1081	402	140	38	2356	28	0	171	2474	23
Sg_A27_31	95	38	251	2644	224	1521	708	323	138	2562	860	494	1934	126	2119	824	54	1178	58	1024	1181	12662	7791	15904	2124	10151	19777	1957	125	84245	697	1271	6080	116606	50059	883	11774	1682	2320	4887	6589	36690	22469	13412	813	3026	798	544	39676	15003	4844	8212	126264	51366	6568	44024	678	100223	17555	2309	2328
Sg_A28_8	36921	8100	45512	29329	9244	7	2287	42624	63	15	24	137	27292	1268	1924	2960	39339	4286	1012	44	6004	157307	132	2326	1173	2	14087	7366	2084	13850	76635	8	123347	2307	792	27	1935	162	5926	34442	100677	606	421	0	263	2734	61827	39	4599	58269	1657	469	167	11454	747	10689	669	0	32	5941	10
Sg_A33_4	3	2	1	14	28	355	5	611	3	68	9	6	2	10	10	46	143	106	3	63	34	26	309	2247	1341	251	47686	8971	30589	405	439	98	887	31	3890	10081	4743	47	1322	19	8	65111	16	5030	28	30	1109	146	6292	92	13483	10398	98	34	150	9900	1223	78	26	24033	1047
Sg_A34_19	427	42	54	6815	280	162	2799	39	1233	932	366	155	156	472	28	813	72	1470	922	310	74	3676	488	61	1026	262	1387	259	383	240	558	1327	410	542	1142	2313	576	2420	238	2573	518	1254	1512	111	3287	525	510	3586	127	337	580	404	252	122	2919	146	10	84	218	945	784
Sg_A34_5	267	76	55	164	186	12	93	116	36	104	71	288	56439	19	15	46	273	181	59	33	43	3904	128	36	1243	50	132	57	207	107	1492	20	444	111	42	183	233	523	263	1082	250	36	86	15	107	223	441	351	65	155	599	273	73	32	3589	65	4	52	58	332	7
Sg_A37_36	205	298	209	335	808	84807	3724	2573	59648	679	96	458	526	128	253	328	189	670	61	251	370	291	507	202	151	1004	261	188	42	1211	193168	22	205	460	383	10	56464	1165	629	325	236	378	112222	592	246	537	273	383	296	3265	250	2055	395	827	361	544	39	257	406	206	981
Sg_B03_29	8190	24810	23938	49279	32	114	71774	16713	3379	38	2	60320	3681	2150	25420	96903	4232	27115	113	77	152457	3716	3867	48344	21	48	2871	25	66	4791	19148	4	6445	67	3952	4	6962	491	1999	3225	4541	14176	4154	86	27	4535	51	110	16973	4035	2980	10319	65	162	41	15235	7	56	6636	12247	91
Sg_B03_38	0	8	17	277	5	61	68	2528	84	0	0	2	843	547	1	2	1	11021	28	1	3	67	204	217	430	877	252	5	1	66	44	1	9736	247	879	1	1948	6	533	4553	145	60	350	2	7	431	23495	8	15261	254	108	12432	6	163	0	15162	0	1049	588	168	217
Sg_B04_2	1464	1380	1369	8138	384	1034	3155	356	388	4346	2	5883	9483	2289	10135	2230	456	5821	195	158	1393	4768	7693	4049	565	8154	4421	10033	1876	17240	940	185	6292	3030	1352	48	10672	791	7951	3282	3730	7746	10902	29502	9297	47069	746	9174	4678	28378	17361	13165	420	43740	45675	20572	1534	24783	84582	2513	11031
Sg_B07_12	107	3031	2800	467	3341	78	2396	176	866	2043	2715	4097	950	788	130	1133	243	4313	705	2390	75	69	682	31	73	206	936	213	1519	2480	26069	259	2612	296	394	2222	1363	4189	756	781	670	118	941	53	275	848	1624	1188	9794	1806	555	1442	580	60	278	3131	13	15	1425	1001	23
Sg_B07_38	124	44	47	178	249	676	154	78	278	188	233	431	50	41	190	150	70	484	495	465	138	188	3660	130	177	378	305	118	442	268	160	211	174	1131	281	1334	4178	655	149	109	117	233	243	174	651	189	287	1123	1024	116	480	126	405	240	185	181	119	263	676	606	234
Sg_B07_50	23	1160	92	81	15	47	633	221	868	15	2	67	44	47	37	317	163	58	14	21	286	43	646	154	40	32	103	8	11	86	408	10	259	112	53	3	74	18	124	149	30	50	58	49	2	64	23	19	300	42	164	193	33	50	17	231	2	17	46	615	16
Sg_B07_53	235	157	696	952	3039	1378	2853	307	4165	4460	46443	304	58	49	12	372	489	819	314	268	639	784	97776	194	132	432	5841	175	41154	178	806	2578	1588	45022	151	64395	16405	80827	974	947	1144	53	453	49	13184	703	1108	6387	24595	244	336	533	8269	119	9587	408	19	118	1506	892	665
Sg_B07_62	4	10	388	146	53	454	20	6	185	31	834	48	32	32	5	20	40	256	48	12	27	39	196	9	65	55	76	4	209	18	191	45	221	100	17	156	814	246	67	48	40	20	179	22	245	40	346	482	24	146	33	347	1276	52	43	29	2	14	20	39	790
Sg_B08_36	21	28	76	175	397	168	1236	48	287	2779	3993	262	81	206	86	341	65	535	71	146	248	243	43600	69	4936	828	300	315	435	531	3556	88	1351	3361	526	1670	12912	7569	423	747	587	88	4594	297	1596	445	4642	16613	115	2224	214	306	4608	488	877	254	47	413	649	2877	191
Sg_B14_1	3	0	7	6	35	11	3	8	7	0	12	242	6	0	794	437	3	15	4	4	2	419	298	49	10	2529	1496	245	220	11991	3137	2148	156	299	666	7579	4970	15	523	15	816	3397	35	3874	76	112	958	516	606	674	439	28219	8589	1686	942	335	8696	15	53	3732	95
Sg_B14_13	9	16	167	14797	3238	51	36221	213	2065	11152	3721	566	783	642	121	4960	72	6124	680	829	441	817	1140	22	620	1619	392	1181	1743	84	10922	3952	8469	1423	488	96665	13804	4155	10352	722	3049	1590	5784	817	3574	9908	24936	3525	93	118	1100	8133	357	1114	1728	127	11	249	1063	2366	315
Sg_B15_22	10	8	0	10957	3	9	51	357	7	165	98	2	162	32	1156	24	1901	44	89	133	23	200	277	1043	1558	9035	761	6299	279	6124	156	3112	235	7001	1757	674	272	66	450	19	838	3380	461	521	453	2126	1828	116	4902	517	40	152	146	121	95	1575	533	538	2438	469	2074
Sg_B15_23	49	78	17650	7911	2560	215	7141	1489	854	7623	223248	611	262	1250	293	1268	237	2486	675	4598	644	751	6519	497	1365	20877	2231	559	38258	1038	2176	2085	7824	7490	698	7096	24215	37128	10633	8052	8881	198	1928	403	7107	1065	12375	88786	631	3466	347	1001	3651	5728	474	2474	54	1666	22187	2114	3032
Sg_B15_25	109	82	538	580	42	14	147	46	42	817	176	22	438	33	50	88	177	106	150	88	138	4923	1613	3172	357	10796	833	17341	357	1434	935	41	2584	1438	2236	34	13745	444	3454	1104	6305	278	937	5744	591	5086	279	4226	1707	2087	4854	35386	1194	682	312	883	316	470	375	3510	5141
Sg_B15_35	15	17	21	249	1234	887	86	43	307	333	4215	95	65	5	77	4216	26	189	116	3523	71	179	89	853	9282	22637	507	1146	20	249	77	808	391	251	437	797	247	292	701	111	173	291	1295	2389	135	365	130	754	211	269	178	151	660	508	67188	1152	10326	737	433	7226	4172
Sg_B15_52	114	23	391	635	367	5	66	139	238	14	3145	27	10	1	19	30	47	19	3606	4251	564	40	1298	54	39774	19245	238	180	2850	26	64	7487	31	385	92	3833	76	3704	229	38	20	33	115	227	69	25	39	1509	552	23	189	87	11777	3094	6919	20	8088	27415	217	111	4821
Sg_B19_17	45	5490	35	335	33	923	33699	3638	17	968	11	24	18	539	28	4137	8	6642	52	19	18	2721	91	36	59	421	23292	153	7	103	115	55	62	158	2947	89	187	63	7057	15603	151	277	267	236	204	844	257	291	16343	369	13841	12392	211	70961	181	1256	22	212	316	256	242
Sg_B19_30	981	403	89	764	18	1876	22152	10970	28	18986	26	74	371	13704	2509	14609	62	1022	441	158	182	57730	9838	212	12041	273	14690	13606	2428	5659	36420	78	15229	69199	307	33	36531	15665	101791	30740	2691	79413	5800	37887	157473	44858	379	792	23060	144123	124555	29303	80759	78624	496	173216	6688	61038	52909	3960	49041
Sg_B19_40	3401	93	63	933	142	5	114	75	200	10	1	179	735	442	10163	2162	341	8003	423	22	110	1640	492	63	2	1054	22920	1172	310	1553	68	3	64	1626	19	345	187	4	384	41	79	2188	271	1036	13	878	112	13	318	171	771	185	127	3257	1035	18371	369	5	986	2473	3
Sg_B19_58	1021	467	407	507	32	124	786	2298	445	51	8	420	147	1021	906	397	9278	17288	33	23	258	63	420	202	7	63	18955	21	29	2073	269	2	2015	49	119	3	3337	32	123	115	129	67	129	38	25	268	60	139	10223	2488	269	186	36	49	30	4107	0	19	96	267	47
Sg_B23_42	2184	1651	146	4124	22573	143	3898	3036	1267	8600	32	2341	1010	793	2752	2049	3632	4532	219	684	471	13352	4095	4763	434	894	2011	17696	586	2058	3643	85	730	769	335	39	1159	1094	1399	5391	7392	634	860	697	467	1614	6055	7507	1236	1149	7864	4599	517	1179	408	4739	48	987	807	2923	1058
Sg_B25_10	4	30	33	103	10798	93	121	73	117	741	24	283	51	14	281	134	13	83	94	241	163	409	102	2675	158061	519	599	761	8621	316	69	959	105	146	114	12383	733	365	316	539	39	468	318	447	583	141	88	1504	216	187	4400	107	310	175	336	499	130	300	515	75864	424
Sg_B25_38	5080	280	4263	128	1299	10946	344	2113	1522	70	74	49	93	13718	412	23	1617	215	34	291	1694	307	367	8492	1485	2042	4076	3192	6811	239	624	6688	704	72	10514	4181	1786	328	2711	474	1615	158	832	253	339	47	66	296	983	651	1721	711	397	286	629	1546	5238	707	51	813	312
Sg_B26_35	54	1843	35	34	10	23	2408	2146	3573	45	2	95	14	1599	8413	44699	1367	2475	3379	21	608	806	3264	144	5	75	6383	8197	265	165	79	1	907	60	54	3	6445	10	5861	2569	32	11484	194	26	20	305	19	55	1487	98	925	1140	52	47	3121	3418	3	15	123	4804	12
Sg_B26_38	125	69	1103	2143	293	316	241	2147	118	9379	64	218	361	349	329	4631	4261	411	385	410	362	1727	481	5827	371	2028	27617	7336	140	888	451	37	5606	1809	6306	52	2455	160	30847	1058	11989	2828	1486	807	3912	7472	418	1102	4236	1073	2735	6438	11006	7936	1559	3234	128	1042	2034	658	5095
Sg_B26_4	54	55199	87	254	36	66	923	422	2488	603	2	146	210	125	120	5592	88	277	29	104	514	192	850	221	224	101	136	84	30	180	596	12	233	207	154	7	691	82	271	1247	90	643	132	317	215	8582	106	133	366	144	260	923	266	182	97	343	15	91	168	317	105
Sg_B27_18	553	96	182	891	1574	74	847	225	95	447	128	416	336	338	606	188	55	362	29	762	695	459	5166	503	1020	12155	6392	817	989	2388	1750	1797	396	2005	1223	1066	2164	118	2038	252	390	10678	746	1276	233	2231	537	5910	1345	472	564	3550	865	812	5719	1307	1218	474	588	3316	795
Sg_B27_6	18	28	42	93	360	67	60	46	65	50	51	154	39	11	83	97	43	76	220	155	268	657	1269	1933	5081	14380	3338	84	67	469	294	631	175	9200	7511	764	2688	135	231	104	137	4402	1094	58375	815	211	1233	3868	3839	407	334	2075	677	1073	348	5228	154	7402	473	477	445
Sg_C02_30	15155	15465	9122	21561	697	528	14166	10738	509	8256	0	1039	46097	4094	2482	89432	65306	5385	94	3	23941	2269	830	4648	18	32	494	26	322	8110	223	0	874	193	4957	0	10903	233	13625	1407	6680	659	600	656	272	9005	298	1463	9166	18167	13588	37149	3803	5065	190	2972	272	8	4589	99	280
Sg_C03_36	1128	20651	168	450	3609	75	2054	640	676	113	25	73	104	3530	97	139	464	223	14	72	15419	291	185	19576	879	150	1239	6130	2481	243	522	4996	102	213	679	55378	693	71	382	1120	831	120	1119	18381	131	389	114	201	228	231	952	668	89	286	3556	3738	8416	87	183	12598	451
Sg_C04_25	65	264	185	760	41	57	925	545	503	311	0	397	359	434	1680	807	257	1424	23	62	556	1479	1847	2310	245	150	5449	249	68	1714	619	85	358	13949	9578	163	3559	88	188	941	366	3264	531	10228	75	1529	183	103	3661	1733	2243	2910	272	3218	2219	4326	658	271	4591	1973	244
Sg_C04_33	263	560	2393	203	99	122564	1587	5040	6682	64	0	562	11380	10233	183	503	66	689	26	521	283	14107	541	2679	19	6264	2633	33	101	9331	336	29	2463	23219	37	12	293	222	181	261	246	1805	235	63	84	260	249	5081	715	1800	838	1144	163	242	49	4820	5	109	319	25271	169
Sg_C14_34	2206	9485	17364	494	1577	19835	48235	1328	3066	246	0	77	11276	2202	98003	44001	745	6816	409	7	4414	8588	838	199	13	20269	650	46	829	14158	4057	12	6853	129953	71770	3	13501	547	32949	17232	21330	18047	2510	224	100	58307	11133	171	825	2227	3915	2880	4881	18769	63	1944	33	145	19371	916	159
Sg_CA11_3	31469	114019	4265	57132	648	837	8493	34651	684	229132	7	4318	106389	17788	2965	24817	47376	26489	287	370	17366	7551	7218	13332	139	373	9473	490	2317	37605	3941	336	14070	2111	12746	18	12779	10357	143361	22759	41495	6563	9241	82417	1639	96038	59806	4217	13558	22521	49921	8534	1098	42383	709	17058	548	271	33041	17509	1675
Sg_CA11_45	27	61	30	133	18	680	172	80	1287	45288	19461	47	134	29	57	56	28	121	14	15	65	5987	19768	57	33	110089	5173	61	8	214	2875	14	51	8836	28389	12	575	104	116	48	29	113600	897	17771	50	19745	46	7142	3048	522	66	120	89579	125	14581	11515	33	138	10946	210	73
Sg_CA11_52	9	12	3	29128	3	157	235	210	11	177	77	2	257	13	1408	45	3691	109	110	7	47	2976	931	4536	5204	5612	1183	143186	136	63635	619	2793	449	9884	3354	763	603	218	1481	724	2236	50980	2408	9420	15555	8147	6026	2446	104463	4886	1469	1538	636	5147	254	6455	2057	5202	14792	247	6749
Sg_CA13_9	561	2349	644	3421	75	395	3922	592	601	2405	5	650	10284	1333	7622	2886	704	569	1534	41	1860	478	542	1018	44	296	1556	553	469	2168	306	4	243	2462	2406	36	2468	86	632	464	2120	540	443	135	117	3596	14878	1061	8437	702	1726	5923	294	3067	114	2424	110	1382	1178	554	69
Sg_CA25_14	11	110	99	166	39	54	796	136	342992	116	3	98	41	24	64	3575	502	89	2837	42	278	148	59521	144	128	106	4286	102	26	466	2870	23	4508	144	71	18	361	24	372	332	45	151	122	113	42	277	66	44	367	589	164	737	102	100	214	5109	10	145	268	23724	95
Sg_CA25_21	127	266	388	669	507	2136	2407	245	6431	4744	1297	941	319	414	125	2148	505	4772	760	310	158	129	5265	63	598	865	3984	114	5466	106	1415	676	14485	359	338	1967	2670	5362	478	856	734	695	1043	84	2781	454	2750	4056	469	244	290	4525	646	959	663	1316	22	26	771	339	932
Sg_CA40A_55	13	930	22	29	5	9	1490	39	208	6	1	9	18	8	31	56	8	260	3	9	20	18	12311	92	0	19	98	14	0	57	404	0	21	15	113	35	120	4	20	273	18	31	331	7	3	1308	17	17	4320	28	26	50	13	51	5	185	7	21	20	1807	33
Sg_CA9_20	121	161	244	2282	1336	368	1918	1397	149	29654	132	1090	1637	329	1077	1622	303	562	305	2497	1698	12420	2580	2866	3368	7203	10203	4087	282	5552	2732	1299	3534	9985	11117	874	2433	585	4145	2049	1804	14112	10481	61932	1688	17280	1370	870	7475	4568	6092	2447	17273	6690	69113	8511	994	10857	56634	15079	3329
Sg_CA9_31	3	2834	72	3988	1189	2954	2313	45	4320	14204	2	135	652	9	63	94	20	55	314	21	3727	20	11187	1371	11	10718	30	14	632	44	1423	1	15	6517	34	3	16	1192	5008	656	87	10550	4485	600	5	9164	1328	48	58	31	3285	3709	4849	18	22	50	1	4800	5829	14322	3027
Sg_CB03_1	80	417	3072	2410	1083	390	58	104	10	27315	3	37	464	187	29101	1601	69	728	165	8	1271	62	237	50	8	2282	912	3	1949	222	3	5	6	1289	36	5	381	31	68	70	607	2262	132	12	3	452	439	33	270	11	135	102	1549	490	1342	201	0	16	3534	851	270
Sg_CB03_2	18	38	325	138	928	157	227	163	159	161	13	699	51	45	265	80	27	839	42	554	362	73	16405	68	207	413	1947	150	21	283	139	169	240	98	196	84	203	168	333	98	64	5635	139	306	515	128	121	1123	295	115	242	315	245	266	315	667	22	213	745	896	276
Sg_CB03_44	0	0	0	13	1	2	10	67	52	1	0	6	1	0	1	0	11	12	0	88	2	8	1268	114	48	447	32	188	3272	15	6	5	9	20	12	28	25	0	7	2	8	1225	8	10	7	0	1	5	12	8	4	54	17	2	48	90	89	168	6	9	8
Sg_CB03_47	2687	742	473	2704	794	291	2155	1453	1408	1229	16	1582	1005	703	4866	1603	676	6236	304	1032	1893	617	1105	937	444	1278	1015	723	593	1905	839	242	420	1701	712	235	631	251	1369	723	519	2350	1148	1707	527	1643	872	877	847	775	1350	1060	772	3668	1071	1422	522	893	1674	1762	911
Sg_CD22A_27	14	8	13	66	9	30	32	20	50	9	3	14	1	6	6	6	3	123	5	26	11	18	170	7	13	85	47	8	4	70	53	11	18	120	7	2	10	2	7	5	46	39	19	68	3	67	17	20	11	36	43	19	22	25	38	30	1	12	10	957	43
Sg_CD22A_44	2874	2450	1980	508	67	7297	11258	1764	861	136	1	137	457	964	791	922	248	534	33	75	411	1141	454	29135	37	462	536	154	120	525	1326	520	553	436	242	451	271	91	169	1335	84	222	191	632	18	1779	37	218	5975	135	1714	536	82	184	362	635	433	161	101	1265	53
Sg_CD23A_20	301	837	1046	4322	1431	577	2788	1797	4307	2800	110	3161	1082	787	1554	1463	1157	2503	265	3517	3341	2355	3188	2268	2175	2196	2247	1609	1584	2030	3474	495	1526	2407	1975	1549	2007	1024	2056	3580	2048	2410	3853	3295	1728	2351	1958	1829	2516	1884	2847	4139	2662	3148	2944	2983	817	3355	3130	3234	5392
Sg_CD23A_32	1132	1647	32391	4953	23394	1443	1550	3039	897	48016	7047	31052	465	323	24050	2143	8693	4251	11454	4544	6751	306	424	38356	3493	523	2528	892	5088	557	522	2179	1676	565	235	7229	199	5033	4429	766	5406	567	342	1481	2581	4476	3910	6473	406	295	428	1430	1156	727	948	389	75	1186	761	2172	14188
Sg_CD24A_1	27	53	111	1826	20	412	662	207	139	622	12	239	128	83	178	432	36	609	25	414	820	762	288	541	609	381	907	759	40	9346	10567	136	821	967	10569	132	11301	335	1604	49774	1045	806	853	960	1260	5014	1235	390	1457	17700	2175	8825	1008	1117	921	825	174	1579	1445	93957	5862
Sg_CD24A_10	973	1060	178	730	37193	1701	467	340	1673	665	1270	2914	75	272	109	2873	31	4577	192	361	50	1146	571	29	111	1171	109	94	1045	43	1320	158	766	171	124	1027	2718	2403	390	727	687	11	728	23	1883	565	454	577	81	97	2398	196	136	44	68	61	6	9	219	3479	86
Sg_CD25A_53	724	3087	629	18	182	12	32	413	11	79	6	76	5	25	13	41	720	221	40	30	89	325	31	23	13	3	1198	67	21	7709	100536	2	2004	19	11	155	8	138	152	229	592	5	18	0	1	15	761	10	12146	4548	56	1504	21	9	15	3610	6	0	55	2133	32
Sg_CD26A_19	30	264	590	391	2030	207	2828	688	987	1145	289	790	172	758	247	2840	215	8379	145	133	328	343	7596	789	34	393	1133	90	2508	300	7196	220	2743	493	541	618	2544	8323	606	2933	1650	274	3233	20	367	2268	1528	213	1021	1617	1532	202	55	2259	593	813	2	11	593	11275	1436
Sg_CD27A_46	2	151	16	84	22	46	2292	92	14	55	11	67	149	5	23	72	6	32	0	91	936	114	41032	49	136	83	84	106	18	75	1217	53	42	33	34	19	48	8	53	38	66	132	44	79	14	155	24	37	47	53	217	137	489	63	109	218	43	92	94	124	103
Sg_CD28A_40	68	391	435	85	80	163	69	42	157	51	2	567	106	100	177	215	13	87	37	69	28	14	148	83	14	364	20	30	9	36	121	4	57	32	252	6	454	16	99	28	26	110	59	58	9	64	74	42	271	28	75	122	55	64	41	131	2	162	74	1204	53
Sg_CD30A_34	40	34	239	484	273	143	593	45	270	1044	1725	470	97	108	9	162	63	724	1981	472	174	339	2594	123	951	3276	316	185	1798	229	1125	906	947	3685	145	1140	7766	5001	1046	2392	1060	26	7262	61	1306	555	1661	4973	61	717	111	96	2669	132	206	54	7	889	675	833	334
Sg_CE19A_15	244	416	1757	224	11002	73255	602	2797	15436	1120	834	2247	152	511	455	1384	135	17654	3548	3437	551	1454	15871	1033	2199	2591	5228	537	9893	2516	10367	7214	26497	9874	1869	5236	27207	14407	10817	4471	11300	938	3509	1895	426	109	5223	577	1566	5366	4959	4749	198	13579	589	4059	34	3	2757	3840	305
Sg_CE19A_24	479	526	39310	3828	600	17271	951	195	869	18661	21298	14346	374	265	5007	8512	506	7099	921	28268	2114	112	266	422	726	382	4755	266	2822	281	934	176	950	264	259	501	442	7857	1352	188	635	678	1383	368	2572	913	5628	14552	596	262	257	401	1296	346	565	306	58	417	493	309	5798
Sg_CE19A_29	2	42	61	590	89	1267	706	282	344	156	194	11	77	94	24	883	5	1990	249	67	330	90	9447	68	151	209	321	16	63	97	4414	14	3724	1126	311	261	335	3058	20	6133	262	62	885	22	253	779	2756	7593	366	440	751	330	1187	2089	472	178	0	0	794	1311	566
Sg_CE19A_36	160	315	747	2104	812	597	1816	710	1466	6849	2051	1391	711	410	972	879	287	12193	614	1552	2100	1008	3780	2133	2035	3055	1151	1219	1457	1902	1448	347	1075	1559	2213	2415	1424	2711	2085	1124	2059	2734	2403	2843	1620	3428	5279	2912	1234	1945	1933	1185	4651	3639	3244	1161	801	4288	2337	2257	1699
Sg_CG50A_22	246	925	690	845	239	317	1301	886	1121	787	51	1013	425	159	714	558	141	564	100	390	1577	283	2519	1234	479	342	648	442	77	670	1220	111	550	624	465	53	505	142	822	736	498	766	477	226	227	835	359	489	989	633	606	654	416	615	555	1266	64	406	535	1066	517
Sg_CG50A_49	2604	9135	1314	2291	586	15	228	8388	4	16	37	14	3054	72	194	137	4089	193	174	19	595	37336	111	161	65	2	3007	581	218	1426	4885	11	6752	203	74	68	466	485	761	2484	12743	29	26	7	65	126	4170	148	627	4750	582	98	112	641	31	3574	17	0	222	2438	15
Sg_CG50A_74	6163	4579	1605	88	3479	79	1155	1789	1896	1	1	39	12	22792	898	226	1380	132	4	397	3259	849	353	30064	803	876	3942	14097	4025	1363	379	34670	92	250	369	1919	863	224	990	694	789	239	4567	1522	395	242	32	698	746	46	2007	1081	423	1249	1048	24598	48278	496	61	188	205
Sg_CK05A_18	119	112	2374	18940	14925	386598	2301	1238	5266	1563	12494	4260	656	520	3518	1623	1474	17720	17279	1587	4009	845	16738	293	2201	16392	1689	355	16012	451	6578	13280	9574	1712	282	13791	14266	53127	8567	8594	6252	461	3682	625	9396	1837	23277	10609	3643	1325	2880	6146	4739	3407	2067	2122	279	290	3051	15435	6394
Sg_CK05A_21	128	217	3032	4582	182	1214	750	270	691	425	1	684	226	122	2980	673	63	94353	334	478	546	101	3120	197	1179	545	238	140	36	733	817	6	685	144	274	17	519	129	1142	197	164	364	784	853	35	2178	283	192	170	127	546	446	300	16027	431	234	5	1861	1036	1250	89
Sg_CK05A_46	359	3497	1801	869	174	245	5611	3248	7081	231	203	1712	867	225	634	3575	501	915	210	536	1181	378	5993	689	176	533	490	219	119	292	11954	26	2139	206	354	196	481	452	412	403	230	316	423	256	244	526	537	352	1114	268	978	687	393	395	144	777	8	593	324	907	217
Sg_CK05A_56	214	633	1733	272	194	74	1929	7354	398	1236	2612	406	583	77	2080	664	382	1380	262	341	190	594	1867	225	723	330	2007	736	7480	594	1470	321	1340	2784	118	1511	772	1386	2647	562	798	364	1044	342	398	177	10213	1106	578	620	220	294	709	892	444	1348	65	162	414	524	241
Sg_CK28A_36	19	12	272	514	142	1868	17	2	70	326	6818	1400	15	5	100	26	5	82	184	7559	61	25	107	49	238	253	71	55	3926	46	43	93	27	125	29	16981	156	997	111	58	59	95	239	46	632	36	724	962	69	23	52	79	118	93	108	136	12	188	622	25	1025
Sg_CK28A_47	4	5	18	15778	2956	5	5	2188	243	9	0	15	2201	0	1107	23214	34804	11	1004	4	1	4	662	43	75	37	0	0	2558	9	2	1	4	0	1	5602	3	40	275	15	1047	154	0	14	3	3	3199	0	12	3	633	1501	1	200	1	441	1	1	9	132	0
Sg_CK51A_47	3983	633	1930	6057	1290	1341	2573	2887	481	2682	3956	746	624	233	552	849	2030	765	246	7035	1219	3567	1308	993	726	545	1918	1936	1131	6729	2432	441	2044	1629	514	1422	2042	2854	2156	3587	1952	1191	929	2352	3120	1208	2334	2151	1408	7014	2257	1429	11385	1102	1105	1693	235	2255	2470	1487	4524
Sg_CK52A_43	57	1082	453	722	6	64	881	199	1842	177	1	160	275	169	90	1803	87	610	22	7	936	48	560	168	2	61	264	154	10	222	1245	0	888	106	73	0	171	27	483	1486	328	154	47	32	36	66	34	27	1231	116	1574	1535	37	88	11	2624	5	24	104	234	30
Sg_CK52A_74	90	53	825	230	44734	77	577	631	4410	337	430950	316	124	28	44	47	195	321	2031	586	151	227	6143	18	182	113	9806	66	2177	100	278	1041	763	2579	107	3141	868	9339	334	826	968	34	172	100	65987	224	706	1037	1018	177	118	125	929	84	436	449	12	81	241	357	3266
Sg_CM17_16	2190	778	2177	3746	539	0	3799	4638	3	10	2	2	3852	79	400	120	2296	249	23946	14	525	13209	78	212	2518	1	1389	664	227	1365	5252	0	10984	135	76	78	8721	538	1554	1763	10207	29	46	4	63	110	4150	224	344	5458	1214	113	13	714	62	1072	51	0	17	643	2
Sg_CM17_58	9	2486	983	86	20	147	3700	331	34162	35	6	48	16	17	29	250	32	87	5	53	102	16	67862	83	29	47	86	19	0	37	1440	43	53	64	2221	16	69	15	66	3547	35	82	34	70	37	64	50	36	15026	55	2566	246	31	63	91	817	2	31	75	426	58
Sg_CM17_7	556	6013	1520	382	129	543	9049	2233	13284	215	4	777	1034	617	897	3424	200	1200	81	81	1548	598	4756	1162	34	130	600	240	89	1558	1885	7	1111	796	347	7	775	398	1702	5794	325	339	254	227	308	372	357	435	3507	665	1447	2814	545	426	200	1978	18	349	323	1063	110
Sg_CM21_15	4	8	1054	706	243	18	402	96	89	994	16	78	116	8	17	260	19	65	2	362	44	14	545	6	68	46	1026	68	746	47	611	2577	529	3367	45	3745	53	3864	715	665	697	5	39	33	28577	181	526	2000	20	39	44	67	161	7224	33	20	6	70	162	258	660
Sg_CM21_57	143	36	1199	4869	1997	3959	665	691	495	1061	72020	1140	324	306	31	1988	482	1160	311	10846	606	242	5693	50	1601	1902	1286	232	21447	254	1394	1282	2442	10924	1433	4883	16242	39836	6809	1909	3330	33	1598	85	7232	1353	8901	11139	52	2064	448	109	13683	2212	832	342	13	496	1915	208	870
Sg_CM29A_16	493	14694	298	486	29	561	11198	579	16436	45	2	743	773	50	255	7261	98	3777	44	27	1028	111	591	527	30	41	286	34	21	85	4134	2	800	67	81	7	1844	42	82	140	80	326	883	62	19	137	97	307	5900	64	1084	3125	48	61	66	3060	3	98	154	1324	39
Sg_CM30A_3	533	436	4902	13215	2068	2128	2281	9885	427	58482	410	1062	2188	2269	3282	30425	3095	3913	2130	2579	3725	8853	2446	33853	3128	10493	128249	48451	656	4940	3581	951	32799	12160	4448	606	16682	1081	156316	5635	79648	12428	7949	6438	16737	45199	3045	7984	15872	6385	15987	32543	57969	41583	7689	17036	484	8289	11967	4534	33406
Sg_CM31A_43	3	3	18	10027	5	32	42	62	5	68	33	12	76	6	286	23	768	23	16	5	11	690	241	1108	1011	1283	379	35051	65	13526	125	617	135	2416	780	248	170	130	354	305	484	11275	553	1812	3429	1874	1247	524	52271	955	287	344	144	2012	214	1713	487	1248	3139	84	1661
Sg_CM31A_52	4377	405	1562	125	5670	412	654	1800	1708	2	0	112	57	7861	1318	368	1139	498	68	608	4322	250	701	3677	1842	1369	1124	2878	4491	487	258	5013	408	218	1532	2030	652	599	1600	363	528	254	447	269	1463	175	117	1240	1403	238	2253	1430	592	500	1466	1156	6566	1083	113	297	194
Sg_CM32A_26	997	1736	27585	1692	1162	347	5405	3380	11127	403	95	4060	1182	758	2364	5221	672	2745	605	1669	3931	967	4522	1789	669	1281	1286	973	254	1158	2881	128	2023	1751	1765	168	1053	246	1503	2049	516	2052	2209	1201	552	1005	1127	796	12222	1047	2576	2018	1087	1472	617	1433	232	819	1180	5154	579
Sg_CM32A_49	687	96	399	6051	2387	331	3384	1294	248	2242	1111	441	1566	95	2009	1040	448	665	144	3610	4069	3930	4694	1727	2337	1851	3559	3230	4770	2623	583	2072	1080	713	948	1956	1174	3564	1567	628	1030	4487	960	1670	1074	1521	854	1158	2070	1344	1595	1328	2552	6154	3027	4107	3400	2166	1864	3987	1968
Sg_CM33A_39	3	30	2356	745	3	139	3	103	10	9	5	3	1	61	3	32	30	4	3	0	2	1	467	11	0	0	6	18	3	4	4	0	2	1219	0	0	0	0	6	29	31	37	5	3	0	2	0	277	116	1	16	17	230	2	8	3	0	1	5	378	3
Sg_CM33A_60	244	1312	1758	1250	18	74	3756	859	1010	40	5	1842	169	177	564	3336	323	1910	1485	81	4006	149	6980	1879	28	32	3495	38	55	201	1076	32	587	49	220	20	381	36	143	326	197	625	223	34	19	264	46	48	1523	171	3939	1899	73	64	62	2325	2	105	574	1529	48
Sg_CM33A_9	1952	33536	2619	5790	1696	1117	56453	2837	14985	3264	183	10683	5644	2368	4188	4220	3401	3808	512	5206	5459	1564	2934	4551	1387	3838	2859	2186	2360	4163	10843	508	2133	4244	4118	835	3607	1304	5803	2830	2519	4164	5724	5436	2945	4002	4326	3440	3033	4206	5156	9552	4309	4236	2201	3750	1505	3862	5296	2508	2853
Sg_CM35A_15	82	1132	289	197	82	151	2382	1178	1555	73	4	522	306	75	182	888	70	771	94	67	536	222	1190	571	84	94	411	86	21	421	4225	6	501	188	138	3	267	33	180	231	97	197	346	86	6	214	264	147	772	419	1000	783	187	165	125	709	16	150	175	1149	61
Sg_D02_31	31	277	2562	573	111	1121	973	3090	226	190	4	302	129	153	45	3713	551	1195	14	1019	7941	548	1343	251	166	3055	4240	222	89	180	3607	23	1023	1641	587	9	4679	121	1777	2209	11700	670	2058	373	1163	3181	59162	1225	2059	643	2030	652	483	3712	175	3136	27	1255	452	772	5706
Sg_D02_32	18	14	31	370	149	166	223	48	61	1087	489	193	81	171	143	155	31	235	27	2697	97	367	195	224	1649	6830	856	870	62	729	180	832	124	1498	610	703	446	295	948	135	227	1090	1264	2237	1058	625	399	337	650	813	329	307	1907	1345	2010	928	172	4699	1089	440	5125
Sg_D02_44	144	63	3469	129	9319	146	358	48315	587	179	6	54	6747	38	246	146	20	519	19103	23	133	1973	396	385	528	126	36732	4535	5	102	1747	11	18733	74	57	9	169	40	4062	342	267	14483	9185	70	34	311	26639	30	199	1523	38832	4090	126	372	496	2038	13	181	22023	202	119
Sg_D02_9	68	28	66	1248	77	56	502	384	56	1717	36	64	681	447	7048	605	232	1744	204	84	481	3122	510	4730	2862	925	8090	4325	1475	7336	791	251	812	2221	7060	273	1044	77	2032	341	1478	6026	2445	13623	133	9326	105	626	4628	1479	3358	2461	505	15409	6095	4941	807	488	4697	8450	633
Sg_D03_75	38	312	100	503	62	175	962	390	809	315	34	318	293	135	206	262	41	205	26	492	1203	402	1038	326	540	421	559	344	54	797	702	59	232	992	398	20	347	202	671	348	387	635	506	883	253	412	508	415	480	715	573	470	799	718	524	705	81	848	520	1100	611
Sg_D03_78	5078	20257	4724	3554	2351	1657	6443	6550	4628	11359	44	22682	13016	1978	1442	11085	5847	3321	593	182	7146	770	901	2545	174	297	1120	165	750	5077	2036	49	1371	1035	2729	104	2407	1440	5459	2492	3899	874	5369	2232	2339	15525	3555	9892	1723	6174	5044	5600	2856	2224	929	2218	145	413	1761	812	316
Sg_D09_14	15364	3499	6193	960	7052	372	2105	5491	5021	241	15	657	740	26238	3583	566	7262	732	135	781	7078	787	1188	16648	2714	4048	3394	6319	8642	1254	900	13997	706	645	11573	5627	2647	705	3888	1055	2382	555	4231	1034	514	947	304	1951	3122	1608	3830	2564	940	1267	2459	5305	16522	973	661	999	698
Sg_D10_17	629	600	13446	2300	1578	154	1939	1379	459	2709	178418	1356	233	492	248	1286	2054	2489	401	13350	145	1773	10376	1859	1703	5909	1299	296	42314	761	4829	2124	3482	9581	610	19968	18977	50930	16272	3620	12104	56	1890	654	11529	1867	21452	41775	1133	2231	338	580	5696	3550	301	1138	19	5209	16502	1006	794
Sg_D18_45	202	18	75	2304	29	1177	228	70	34	9699	4	142	2072	59	252	194	41	70	112	1429	498	1074	2047	839	100	128	3833	2347	124	5889	217	80	4154	7107	16700	20	3135	6144	1052	2935	439	3733	19104	16126	78	2695	19	593	2449	4235	1017	4350	7680	5423	4373	5106	298	61997	15104	8653	196
Sg_E04_12	2	1	82	367	603	714	87	36	15	531	5413	48	201	4	433	333	20	262	110	1718	94	109	341	330	3495	733	180	1201	275	166	78	6705	77	264	47	120620	73	1329	407	84	257	565	537	1498	1209	674	74	961	222	123	224	291	2516	272	5163	571	546	4307	779	6426	1055
Sg_E06_10	143	782	581	486	35	116	3527	298656	6335	110	4	516	367	101	389	942	125	12750	43	108	1810	565	1210	1302	48	240	245	89	46	287	2823	5	644	262	92	4	26042	45	538	245	186	277	199	94	36	1547	297	192	716	209	8091	1152	136	290	92	410	4	65	274	887	275
Sg_E06_24	3707	537	632	1033	328	1372	380	890	524	266	3	598	1673	872	10040	3195	642	8264	443	174	276	522	404	338	83	994	1050	602	285	2040	171	152	184	1908	446	395	8940	139	827	144	155	2473	555	940	111	1350	153	1322	447	399	1209	328	228	3526	1527	1568	398	112	1526	3887	18
Sg_E10_50	628	402	2329	6232	2381	978	8126	1932	908	8565	427	4223	6226	839	2111	1525	595	3907	388	19540	4473	15605	5373	4846	24550	9087	18724	12716	4169	46499	2477	2320	7389	11596	22645	2255	8109	4488	9886	2976	4530	25417	31930	42615	2510	33391	24997	4733	8531	56237	5082	5869	12823	12206	22493	45715	2864	11082	31031	48872	5055
Sg_EA47_17	517558	73190	2868	211	7265	1088	23149	72323	148304	38	7	23	80	1037167	104603	268	317927	2158	6525	121	15947	1520	8138	166453	4993	90339	54056	26253	57630	1612	14116	210454	6804	302	564532	153464	77652	781	74589	12009	51645	3205	5817	1692	5675	1613	240	881	41818	53175	60805	10286	367	607	24656	4839	67460	11337	156	27583	10769
Sg_EA47_9	32	127	42	107	15	2196	438	276	60	967	2	121	362	61	435	324	49	149	1381	91	605	338	463	225	547	252	450	781	15	873	798	96	1922	130	282	114	2125	285	174	375	511	440	7949	1552	262	708	691	115	561	664	574	1319	218	315	391	782	11	489	1738	1817	377
Sg_EA57_9	1	0	12	1547	3	29	7	2127	5	38	105	0	55	4	179	61	130	6	22	16	74	201	69	657	1588	100	194	27338	247	1414	38	480	19	570	186	288	94	36	123	38	138	1138	268	4033	382	699	290	156	3492	329	74	143	37	432	255	496	1097	194	486	1012	534
Sg_EA61_27	3014	100	99	796	317	30	236	111	197	43	3	158	745	437	7589	2633	371	7296	396	49	539	474	628	94	122	1180	924	716	263	1682	207	9	76	1390	61	279	265	39	399	141	120	2152	321	1034	49	1002	207	113	409	287	903	223	249	3041	995	1216	299	141	1115	2430	23
Sg_EB03_22	638	4	0	15717	3	2	12771	179	12	26	3	58	102	8	9593	6572	257	1191	12	8	182	17780	25791	5868	584	53	27825	14860	9283	11049	1009	24	708	44	98	2	4411	3	419	72	1256	854	25	52	6	731	24	13	3879	2846	3250	195	26	7358	88	25494	3452	66	21	6910	12
Sg_EB08_12	2	4	0	168	3208	14	9	4	0	0	1	1	2	0	5	3	6	63	85	3	17	67	54	10382	49532	79	243	1109	432	156	15	223	29	87	31	3838	39	0	833	2	7	836	44	57	44	37	37	17	522	29	1464	57	17	312	29	107	14	37	147	36628	18
Sg_EB09_7	71909	20709	2368	50	3724	256	1917	8060	25684	11	2	31	11	45909	3886	307	21681	493	271	518	8242	423	2207	95353	2784	4168	164784	12834	15388	707	4676	203620	29727	220	37895	13466	38154	441	8943	5141	47182	275	2018	1403	543	242	42	735	2603	2427	45774	3980	569	422	2054	74720	12664	6553	34	24604	941
Sg_EB10_11	2674	165	197	717	179	8	116	66	121	3	1	16	658	512	7764	1963	324	6413	325	3	60	409	317	52	3	841	790	563	189	1489	61	40	81	1572	10	365	127	25	324	55	52	1889	334	843	9	880	116	4	281	183	790	162	182	2404	1635	1286	217	1	781	3296	0
Sg_EB13_4	648	338	2824	12655	2546	1096	12678	1339	1796	41759	44925	1939	1473	512	489	2166	1261	4424	628	3673	1122	5559	17940	802	1338	1960	4139	2157	30568	1589	8128	17308	12220	2426	2019	47195	5540	58337	10777	19433	17007	847	2482	1119	51888	3434	13183	66949	1162	2583	1863	3020	4792	1644	1522	1505	283	860	4434	4953	5249
Sg_EB21_10	1800	122	133	622	224	148	213	78	198	71	14	191	465	426	5320	1215	278	3589	214	180	141	336	224	103	349	958	489	521	96	1077	79	88	76	1180	168	250	178	26	282	54	95	1301	869	705	69	784	144	63	234	185	572	176	505	1765	1114	783	129	107	819	1882	73
Sg_EM03_4	0	12	0	154	13	16	3037	147	10	3	12	13	18	329	24	25	3	5	0	51	99	125	3391	128	10	21	30	13	18	111	3616	28	5	28	432	33	21	3	67	163	6302	90	24	22	11	193	43	1	514	5	223	242	1	12	8	24	12	0	19	12	4
Sg_EM03_7	70	57	155	130	357	532	902	516	173	2265	212	9544	120	1690	5953	1861	35	2512	725	24	1418	57	192	1640	413	1099	509	66	36	34	67	24	121	8282	35	156	581	2373	1357	142	49	196	50	3	66	1881	972	1899	69	108	115	236	23	2605	31	13	0	4	87	71	5
Sg_EM12_46	22	23	101	54	24	24	744	152	103	160	38	270	13	84	11	124	38	222	18	41	176	33	51	5	9	32	132	7	178	66	98	10	179	15	46	29	75	251	43	78	509	23	150	2	159	24	199	156	22	49	59	28	10	13	42	54	8	7	20	74	23
Sg_EM12_61	199	457	447	3663	672	14229	3097	1523	13036	4844	656	1979	3986	790	1246	1378	251	1951	497	4339	2463	2651	1923	1342	1895	3380	2484	1772	286	10781	21501	834	1361	3247	2764	490	12266	9592	3558	1844	1158	3714	22462	4619	5726	2335	1354	1310	1867	31764	3597	2613	4798	3134	3278	3878	1114	2994	3510	1888	4134
Sg_EM22_6	2459	3833	1400	79	3836	430	524	1385	1194	3	2	43	10	2323	640	79	1003	188	21	343	3662	770	372	14640	1075	1180	51635	7411	4438	291	260	4981	131	144	1696	3353	513	253	906	4241	4653	197	3238	1658	270	249	45	849	1055	91	2334	1938	372	1640	1479	9383	82246	347	70	1019	218
Sg_EM25_40	820	1742	1274	2108	299	327	2348	964	1145	698	6	2387	2634	547	870	1308	1804	1163	84	233	1524	503	647	1484	231	509	352	472	111	3171	793	75	641	1510	721	18	1230	583	2699	1043	1858	659	1285	1486	485	2955	1510	1534	1319	3430	3165	1818	538	2036	794	797	36	822	2543	2167	2637
Sg_EM30_38	51361	4800	126479	22949	4874	362	3717	103382	629	1564	1180	1266	17410	1101	14900	9930	110454	1994	5030	1853	5011	281899	1261	3897	1655	3191	47213	3318	1078	7308	167496	602	38398	8889	932	670	2658	4861	3903	13794	23027	4676	2061	1992	1638	2741	179918	1769	13331	20509	2020	1846	13736	5222	1170	27691	921	5481	1533	4312	610
Sg_EM30_40	58	138	211	910	194	387	2903	26125	590	12044	106	618	324	150	419	13441	621	354	286	846	15811	331	28107	2124	1062	379	25493	292	80	1063	3189	235	740	3493	1939	180	34916	424	807	884	15327	1311	1783	985	416	820	882	685	679	1022	32490	10207	2647	673	31220	22616	584	1595	18450	845	918
Sg_EM34_4	339044	15182	181104	46222	718001	88980	59711	197833	183162	5355	694	9245	2682	10090	102274	20718	107788	38117	62172	85293	712308	26423	79630	103327	228144	206155	25243	261027	729674	49277	23886	103498	21043	8461	9058	178214	39824	38644	182257	24218	27552	29224	7515	16787	130208	6868	8865	159557	162677	8767	351596	191645	77457	61112	222210	10754	595139	118171	13442	9227	13702
Sg_G06_49	213	4351	53	12598	429	75	13246	23876	791	36	1	156	489	276	535	2289	17179	92	2938	82	1931	3168	103	22157	176	346	956	2875	605	75	522	116	6056	206	393	5900	124	6875	204	12922	10930	85	96	29	61	140	6380	127	11416	80	3818	45852	72	6605	142	844	223	170	75	9932	34
Sg_G06_9	8	27	16561	15	37596	828	12	7	4	10	2974	3939	423	3	16	5	9	8	17	740	6	45	17399	26	9916	3489	35	46	5	72	95	15036	15	1923	39	78	195	24	11750	22	12	79	103	1250	2747	90	421	4696	46	96	28	18	8345	52	1540	49	113	242	7610	45	135
Sg_G09_4	4275	1249	2857	1028	3074	293	5279	869	5091	7831	468	53308	6762	3999	5716	13893	841	77070	12727	2205	1725	89	14086	179	2005	1232	686	577	8669	1730	367	452	1749	11735	2012	891	4040	8149	724	30776	1034	712	1734	202	176	740	8420	620	1023	4375	12013	1039	1899	5496	1305	406	1050	205	411	5290	78
Sg_G10_35	97	46	6	3380	17	6	2549	351	14	84	354	17	136	49	2019	924	73	255	11	83	438	6323	4428	785	114	54	3443	1539	847	2364	449	18	2144	67	88	78	706	140	7121	203	184	4100	87	54	84	1639	106	173	1272	546	892	370	162	7442	42	4304	362	182	38	39211	38
Sg_G11_20	6071	103814	12	9691	3	27	34252	17768	1891	67	13	24	17	1	20	117929	22	12	9	7	15	693	1965	23	8	8	23	11	5	912	42	2	7	6	9628	9	21	1	15	11126	13	3126	122381	12	3	86929	9	1	31	3509	4620	16642	10	19	15	31	1	32	40	240	9
Sg_G18_1	1292	10289	19	82	27488	420	4896	8620	7890	7	4	0	5474	3014	15457	28620	678	19427	10070	5	3488	3632	5018	10342	322	461	1115	409	75	15	6462	49	8149	7	1179	32	2125	9	3526	4561	2837	37	62	1181	13	51539	9832	5	3592	15	2602	1658	517	355	52	45	6	8	8	220	11
Sg_G18_19	2276	1476	3781	4450	6219	644	4368	1870	3518	13439	11112	6515	874	827	1529	2665	2409	6697	630	2652	1757	826	4867	940	1159	1221	2032	762	7092	1590	2120	1075	2095	1986	1010	3182	3193	6284	2070	2415	1956	1044	1625	918	3480	2363	2694	4165	2607	1449	2224	1496	2922	1159	1264	1524	5160	923	1873	1896	1339
Sg_G19_41	21	49	71	613	41	2489	929	335	183	910	21	627	211	454	158	228	35	165	23	523	440	477	3791	38849	429	1248	6048	497	70	1020	2786	296	3314	13343	468	157	1444	171	462	589	765	1161	646	1347	454	1695	424	374	896	1478	917	393	912	897	893	1166	90	1154	3691	20859	2023
Sg_G21_58	1317	2385	1256	3817	113	68	1096	502	36	775	0	785	1181	395	62	580	1690	254	134	17	402	244	162	630	12	25	154	47	73	3042	102	0	283	472	300	1	562	397	1429	609	999	175	2048	756	331	1789	584	701	1117	3071	1067	2438	306	7863	412	688	14	43	1970	142	347
Sg_G22_16	9511	33051	2329	65	9428	105	747	3369	3437	1	1	47	6	12857	2486	691	5999	546	91	337	4890	190	643	12972	1335	2226	2595	4914	2889	324	760	5597	7620	44	8453	3766	1765	223	2408	395	1570	201	270	361	221	59	53	998	1442	693	2216	1336	247	391	1631	920	3394	657	46	849	220
Sg_G26_10	713	2341	123291	1440	7	5040	9341	14481	10748	691	0	94	1258	370	3035	8789	84	13205	32	28	6039	129	1547	38815	18	2283	358	341	734	70	248	0	725	33	1665	2	366	7	39	1612	499	313	4390	2	8	235	1533	6389	261	233	1017	1496	281	15919	7	1462	1	35	3118	2870	92
Sg_G26_22	9	114	98	350	465	138	744	84	237	680	4153	413	81	22	13	223	63	225	49	134	81	72	1091	14	153	363	277	24	2746	75	387	171	1104	386	87	1553	911	6632	20051	811	890	27	283	22	533	205	982	929	569	115	136	50	273	35	97	34	20	66	489	414	129
Sg_G26_28	81	388	948	4697	238	2655	1821	6620	1131	802	39	5893	522	271	2778	1915	1160	1512	204	1206	2892	758	1059	2628	700	1223	1624	1896	220	895	1645	225	1011	1024	1567	163	530	774	783	1950	750	1294	1781	1270	461	1107	2017	706	2519	898	3417	1495	1031	992	878	858	235	1679	1212	822	635
Sg_G29_33	721	770	17585	256	42	22	38	27	66	21	0	46	132	150	3063	321	120	2105	98	3	45	95	832	10	0	405	203	170	81	722	49	0	23	1332	2	118	98	204	116	17	36	523	207	107	14	304	37	20	124	86	303	36	341	735	516	454	113	13	255	1528	8
Sg_G33_7	387	8898	1401	1959	109	951	17480	1534	997	275	129	6353	420	430	1923	25754	274	2034	45	40	4841	318	792	1753	37	119	533	72	825	571	1019	32	471	148	392	109	474	286	621	673	294	1252	313	205	240	507	70	482	1023	1358	1679	1693	109	140	123	1507	22	78	514	778	107
Sg_G37_59	73	74	639	8545	38	10938	2582	375	48	262	1266	164	705	64	78	536	237	133	1401109	180	243	19118	421	269	2130	551	471	318	487	625	841	125	818	6711	12216	826	419	721	836	70056	743	485	303	524	1327	307	740	1408	21598	1308	721	304	427	627	359	742	51	549	459	1338	1858
Sg_G39_28	86	250	1640	111	2289	7442	26973	798	31523	18953	225	167495	471	26461	12592	141039	338	227377	7184	54958	4466	1081	9922	2023	2025	5872	214	3722	7041	10222	16574	22	31373	2828	10146	604	22650	50575	23876	9788	9119	461	27517	892	113	40659	28694	62819	552	16682	53096	5903	22	25	6748	88	16	1	24979	5886	43
Sg_G43_29	657	38462	600	362	183198	24	335	1208	92	1097	64	243	195	54	9654	126	929	388	150	222	39	1317	304	15	70	56	458	42	268	63	724	142	582	80	42	472	254	1775	292	276	465	20	37	5	466	41	498	1096	1715	112	107	40	126	71	38	101	4	12	197	205	9
Sg_G46_28	69	146	360	1157	940	378	1637	316	1143	1279	305	1028	226	166	293	640	1014	2268	171	1578	1808	461	1783	853	580	908	1212	3635	694	5884	2143	454	943	865	441	627	2018	3131	1143	1046	806	842	779	408	554	1393	1241	1267	13089	875	1257	830	646	542	768	1129	129	580	1082	1547	232
Sg_G46_34	2000	2077	946	13796	207	170	5151	4747	5273	1108	157	1165	890	487	2120	2400	1040	2076	366	989	1777	528	1949	15669	241	4140	1534	206	880	633	1254	296	1551	3525	1710	146	660	431	5409	790	1635	456	2309	353	270	595	2587	2138	1528	667	3472	1250	1182	335	231	1135	94	395	2305	1249	428
Sg_G46_4	9	20	155	23	53277	414	3628	4	541	316	4	153	6	5	180	24	3	40061	4	10	2	6	29	2	16	12862	3	1693	4	51	5	0	2	1958	8	1277	4	3	2	0	6	39	134	152	5	9	4	1	18	8	6	15	93	3175	52	10	3	40	82	11680	8
Sg_G47_17	5	1	451	243	942	147	52	96	18	187	19302	47	5166	16	94	108	498	269	103	437	119	103	3775	128	754	145	305	235	650	317	60	1908	1066	255	140	8173	164	540	1015	128	258	557	198	178	1735	5565	3059	125	160	237	1771	4243	844	1175	318	267	176	365	270	1558	242
Sg_H04_45	3877	14844	4025	6784	552	520	18223	7526	382	3753	0	4651	77582	1336	525	9657	84805	3233	127	380	52939	1740	6749	74376	77	164	8170	414	498	7766	1929	7	1174	1209	2139	5	14865	1454	7222	2871	7210	959	2818	3389	1518	11433	2497	3465	7088	14749	52407	36554	1749	4722	706	35630	169	113	6114	533	1723
Sg_I01_33	3	11	11	9	147	4	359	76	9394	1761	57	3	38	1	1	758	4	3811	3	6	0	1819	162	139	0	1	99	134	22	4	964	7	793	10	5359	45	16134	10226	2120	3274	5063	62	2067	1	39	6	13	30	132	4	100	183	15	3	0	155	0	1	5	3049	6
Sg_I05_27	3209	36682	2884	1146	2423	519	27025	3224	74566	636	268	2663	1361	2110	1158	21049	768	2667	233	1408	11638	446	22310	1897	830	786	1521	573	1773	5726	3981	264	2241	483	329	459	1647	760	7481	1371	302	591	471	384	263	607	1008	806	13584	1810	1965	2802	348	579	840	5326	1218	365	499	3301	147
Sg_I05_65	96	23	54	51	16	39	107	1136	12100	162	2	48	45	14	404	671	18	24	100	11	955	31	1317	2133	955	22	2047	35	0	9526	6981	13	205	416	159	15	1677	12	94	28513	935	153	96	64	41	13282	385	42	183	7296	1826	538	799	161	706	1631	3	482	321	169	49
Sg_I06_25	21	44	92	825	153	119	420	90	133	29466	191	67	1085	160	255	66	80	106	13	24673	173	1582	222	253	2749	1778	888	1074	326	2554	930	221	271	478	706	903	583	194	2448	2109	1229	466	7521	4374	261	1241	293	725	352	3700	1617	1723	5202	1440	1039	356	998	2784	2514	2248	336
Sg_I07_11	53331	2621	29576	1803	112219	3567	7713	32262	28311	32	26	1106	138	1940	16609	1233	17538	4851	98	10223	107181	3473	10327	13957	32157	31108	3794	35284	96289	6352	3306	15008	2960	828	1537	25758	5566	5250	25320	3141	3908	3882	418	1802	5097	667	1178	23504	22117	854	24117	27389	7800	8696	32320	1122	81121	10147	1101	1084	1689
Sg_I09_29	38179	41257	209490	4259	6439	594	18952	8716	266	22055	1	991	80863	4841	2558	37292	67348	2154	1538	264	2670	3009	1639	1232	1655	3229	3169	10000	892	7540	2475	32	916	2898	1634	11	4383	27648	35250	35647	9468	485	8862	8266	22374	21081	6834	54554	8464	4493	33368	11284	5657	1564	1711	8280	87	983	10838	631	343
Sg_I12_32	732	741	1123	1411	2790	428	1472	885	2859	1442	326	2637	856	390	1707	1005	709	1745	139	6204	2103	539	1078	796	1957	1533	1164	642	648	1140	1027	1708	649	1337	1146	2431	966	919	1623	809	723	1451	1806	2015	899	1207	1193	2471	1057	805	1077	1151	2045	2535	1512	1259	353	2034	1997	1914	2078
Sg_I12_44	562	1258	75238	807	1361	3926	1239	1801	3123	7826	56	1233	15299	135	161	11952	781	17852	4816	179	1313	562	942	380	49	127	501	45	4863	117	633	44	3138	9694	1133	218	2121	1316	322	1319	147	61	518	33	110	902	1435	272	250	294	2466	1380	2654	170	211	88	33	11	6299	829	41
Sg_I12_6	4051	159	170	979	377	6	352	242	296	542	1	128	702	647	7678	2685	443	7989	371	53	252	681	486	233	95	1162	1019	923	256	1675	72	322	45	1387	277	341	379	9	483	53	143	2847	284	1062	9	943	160	68	290	194	992	302	216	4618	1333	1225	474	82	1299	2825	1
Sg_I13_16	5	171	1816	7	37	34	36	7	2512	5	0	5	5	3	10	196	7	6	96	8	9	6	5571	19	8	2	8	1	0	6	5	2	89	4	3	1	5	0	3	193	3	26	18	8	0	4	207	5	4	6	4	9	2	4	15	8	1	2	1	259	10
Sg_K01_3	593	409	2168	352	162	700	586	210	85	284	14	230	618	686	546	8093	36	200	52	85	269	173	2713	1592	235	669	5804	434	44	233	7777	15	431	295	2422	25	531	99	609	46479	379	2573	588	517	1919	611	49430	12558	435	1204	1751	7511	2854	802	2897	5374	209	394	341	614	3299
Sg_K01_5	1909	216	339	542	126	27	114	76	123	509	1	58	630	1055	5791	1108	283	6688	239	118	83	284	456	42	16	644	475	383	187	1480	45	10	65	1387	14	225	152	43	265	27	43	1651	400	488	35	634	87	38	324	178	649	124	498	1734	871	908	288	48	826	1639	32
Sg_K09_1	22	59	50	431	16147	122	184	78	66	405	329	199	116	62	379	200	13	154	1515	925	424	655	300	301	1048	728	877	2777	38	761	376	303	252	657	880	117	501	207	3223	274	194	1712	1521	1557	453	536	365	430	513	1187	456	269	1281	1120	1835	1196	230	1843	1252	12026	533
Sg_K09_61	4415	811	1190	289	3519	476	579	2611	2118	1	2	31	18	10749	911	198	2300	407	72	454	1548	167	237	10309	1166	1446	2780	11336	9141	190	366	3205	128	40	4206	8282	895	103	1336	600	1431	103	467	301	612	59	23	407	1683	534	3849	680	380	1563	1795	1484	16514	812	37	784	168
Sg_K10_28	7519	13984	6869	4929	1339	4	180	11880	12	1	3	0	6999	219	930	585	61497	600	124	5	2700	30690	412	2950	190	0	9772	2139	280	1718	16604	1	20288	533	172	27	516	88	1406	7816	13327	164	66	0	29	350	12331	59	930	7048	237	107	1	3749	127	7712	118	1	22	1072	3
Sg_K14_18	499	15	12	4882	15	73	5369	776	67	79	5	90	159	18	7960	1664	264	865	5	149	1974	25233	7394	1278	347	45	12156	2804	2160	10759	1727	66	8646	62	222	14	1423	32	1691	475	255	125020	130	260	80	4220	44	36	4721	2310	3185	2941	98	39888	133	18255	881	235	225	14269	139
Sg_K15_44	184	131	236	1870	187	375	982	289	186	5079	72	2729	2639	272	1113	481	72	1384	43	5523	1257	13677	2782	1477	22715	5977	6295	17432	534	11059	523	743	1154	15532	15665	658	3979	305	1842	910	2307	28757	52844	29713	831	7626	3050	1178	4538	8632	2775	2811	26635	20681	24472	9781	4997	14799	19941	7869	2473
Sg_K16_17	164	2371	7	22040	0	70	5641	11	110	2	2	3	3	9	10	3	130	7	10	0	1	56	82	105	20431	22048	158	0	0	3174	456	0	19	130	17	0	34	587	18098	282	184	42	11	4	5	2762	570	1	174	11367	87	655	5	8764	7	34	0	932	18751	162	154
Sg_K16_50	1	8	15	4	41	579	7	231	8	2	4	54	10	0	540	101	98	7	7	3	1	85	1738	2331	21	1283	798	31	38	25586	187	2174	2801	74	83	2694	1642	14	12708	40	10909	1923	225	24282	24	73	13723	3461	32038	39	13605	982	179	35	163	11315	165	86	1987	132	555
Sg_K16_53	8734	15630	514	80941	183	980	43746	32166	14650	19628	2	1193	19726	18966	3984	67477	15189	1669	8975	166	46109	6532	3065	13195	130	929	3105	9242	2111	20521	2680	10	496	4044	33682	148	7570	297	1617	1549	1436	1613	1690	674	243	4042	13694	2193	8443	3182	14613	4615	575	5624	2107	3306	867	3200	10285	1304	760
Sg_K17_22	368	1365	905	413	546	12415	1593	851	1294	1597	1186	886	422	389	425	1673	124	862	114	385	491	465	458	843	51	141	199	34	80	151	203	95	733	289	109	223	1175	483	189	478	361	188	185	16	418	1579	190	328	269	151	137	222	154	58	75	227	12	506	100	1332	33
Sg_K22_12	47	0	0	2914	2	16	7	139	0	13	0	1	17	0	93	2	6181	4	10	22	0	95	9	5	2454	2589	628	73	316	1529	155	2206	1973	26510	8	124	1222	226	41	15	93	5	48	2	481	12	430	31	8602	305	1	4	78	34	7	14192	107	9	291	38	14
Sg_K22_14	81	195	5339	1117	57	2961	1434	877	242	415	75	473	274	340	432	1403	332	845	135	3814	29293	1917	513	1415	739	16694	2605	1374	59	897	27050	1106	2989	4859	4213	1002	5018	575	16327	16356	11046	1392	1861	967	10765	2993	11499	2670	16833	3530	3145	1668	2919	2418	1628	2800	73	895	1768	1026	55074
Sg_K22_66	157	623	383	697	120	135	823	489	776	615	29	957	427	258	763	1294	429	1818	133	416	963	985	845	1121	2724	1490	2291	1690	96	725	1025	185	521	1305	4417	71	694	769	1801	619	647	852	1514	1412	533	4078	431	802	857	631	1712	810	810	1269	766	1411	58	707	3854	742	1112
Sg_K22_8	12	17	49	349	319	202	480	202	13	3617	383	232	160	48	63	1128	19	105	38	286	290	484	406	190	378	1301	965	392	435	926	262	314	369	488	902	286	229	497	229	267	288	757	1275	1555	771	1042	787	183	392	1106	440	354	1073	855	1231	417	314	26120	1561	557	2029
Sg_K31_45	32	41	6	76	1	31	46	32	21	647	3	28	11	6	27	8	7	88	3	436	27	178	9	15	4	25	4886	19	27	397	12	2	22	13430	7	2	10	7	8	98	16	5027	31	160	156	19	6	2885	33	11	16	7	190	79	25	2070	27	13	329	344	3
Sg_K32_30	601	36	203	1146	348	41	22	508	86	1	8	13	4	108	32	23	138	11	1	39	153	4	50	320	175	44	135	36	270	32	85	470	5	1	142	136	71	6	127	35	44	8	32	18	0	5	3	39	13	15	1105	92	6	20	40	62	389	14	4	14	7
Sg_K34_1	82	261	131	298	251	82	628	434	38357	171	10	982	221	178	259	575	46	211	120	820	603	133	50887	524	268	334	318	186	33	311	14651	50	461	277	520	59	246	36	530	219	195	336	478	430	233	275	282	214	342	298	366	464	440	395	166	709	30	267	482	717	213
Sg_K36_16	430	104	159	8363	406	1371	503	161	81	25083	21	2054	13299	1113	1412	641	114	3753	73	28387	764	76345	8787	4972	111142	20595	19835	98018	1963	40810	740	1019	1692	60122	85875	2680	17341	552	3104	1644	9776	39542	290646	167331	1896	31773	10914	4237	5525	41428	4327	6276	144384	110500	132022	28037	28891	160889	101674	37853	4547
Sg_K36_17	33629	8522	11965	8	5977	98	1914	5714	12363	11	3	15	13	72301	7492	58	23201	228	391	304	5024	197	997	54133	933	5747	10001	4107	14198	242	1358	21370	1530	165	39739	11551	7735	117	8060	2032	41301	239	24741	552	527	1320	30	712	2779	5439	6605	1119	193	449	2197	11605	11973	1541	18	8551	1251
Sg_K36_27	105	127	51	1121	3203	225	710	465	997	1305	107	6811	926	291	5339	691	82	5264	422	3440	647	1865	2668	486	2428	30033	10873	9638	199	7035	580	726	5352	31509	10122	489	2039	181	461	1022	1071	40496	5344	4845	569	3608	1272	282	21314	3783	2201	1869	2369	13270	13311	16506	666	2554	9523	3547	1064
Sg_K36_29	111	151	226	4109	642	300	451	368	788	4284	50	1523	4718	718	915	1025	96	1951	725	6421	2230	5471	1462	2948	6179	20697	3496	4822	433	16838	1447	286	1452	33900	19592	109	4863	865	6530	3637	6908	39688	22104	19267	1640	17725	7026	2376	4232	14314	7732	2661	30375	28945	16326	8155	668	30972	21145	15272	9293
Sg_K36_3	29	19	93	2202	96	63	1880	742	2090	3167	1291	234	44	14	8	166	17	1653	35	102	118	142	9652	15	112	436	129	65	531	60	428	184	386	309	46	1682	676	8591	676	7066	225	6	466	32	133	85	6961	1251	495	120	170	157	1067	42	36	27	5	140	1387	730	16
Sg_K36_6	59	224	202	980	855	1330	1145	220	2741	3656	1620	1028	611	198	750	496	99	1878	254	47484	1301	923	1054	948	45275	7095	1236	1240	1923	1303	784	16011	659	2078	1111	1321	800	887	1384	510	764	2731	1975	2018	1768	1400	1770	2124	1350	1486	846	663	10225	2378	2218	1641	885	9647	2239	1886	1566
Sg_K36_8	64	8231	31	59	10	217	748	40	48	828	0	11132	17297	596	130	2369	42	326	0	50	8354	76	1360	6	4640	10155	7152	337	6	1605	60	3	124	1191	42	0	2751	1	467	953	2066	5492	3813	84	6	3613	6511	23	392	68	1247	2917	13	428	26	206	1	130	19	423	7
Sg_K40_29	35	51	170	458	25	83	1046	1653	87	211	0	66	351	157	87	1316	67	86	117	41	7130	248	2172	1149	199	4228	543	932	27	350	20021	10	393	756	228	17	3100	77	2783	7805	24244	563	4059	329	1005	1034	658	499	3572	830	783	1261	1082	494	264	447	48	431	2820	358	1310
Sg_K40_38	69	43	113	126	102	38	289	451	162	59	20	108	38	82	24	258	15	34	135	3	86	31	262	278	4	77	47	24	10	48	1693	4	841	135	55	6	43	6	60	75	34	170	90	64	50	117	152	44	109	79	91	165	57	92	12	56	9	17	121	59	172
Sg_K40_4	49	1560	3413	182	111	65	4402	5691	29497	26	29	192	32	439	1509	861	29	330	109	33	9743	3294	15016	438	20	128	1824	32	31	663	1138	5	5303	107	90	3	316	61	270	267	44	175	1902	12	9	490	97	238	1668	677	4440	410	50	260	24	2400	1	56	102	7395	89
Sg_K40_76	14	15	69	1831	16	71	452	180	12	236	18	222	66	56	161	184	58	345	22	153	1142	956	152	7142	343	960	1180	399	56	452	11636	103	2146	731	295	36	1914	134	1328	382	267	718	417	1089	478	534	310	416	11868	4377	761	953	915	946	450	413	180	910	675	350	766
Sg_K46_34	4269	48069	3976	6767	345	394	57767	26911	152	24078	0	2111	13512	1449	790	29787	155468	22596	273	16	7483	8901	2185	3888	22	79	761	109	1763	12823	383	4	3512	500	1464	1	11071	546	4548	6264	15367	3572	1039	1045	611	29574	1012	2260	21302	66642	61209	48077	1179	11566	458	4683	1505	30	18576	282	635
Sg_M01_13	40	4938	129	194	20	35	1265	20911	20364	23	0	214	32	32	139	1481	42	907	17	9	21624	393	1367	343	50	120	124	21	15	1336	14961	2	178	54	235	1	169	5	117	3674	36	108	5048	104	31	262	36	35	215	571	6530	2815	57	140	108	183	0	51	85	1100	64
Sg_M01_30	4065	8684	516	619	72	146	13072	5154	3799	191	10	934	385	261	516	1237	365	728	62	235	995	253	3652	1028	82	200	322	82	80	396	1711	18	3542	279	237	17	555	165	510	767	228	302	348	193	186	694	422	315	4527	420	1603	5668	206	511	116	653	16	203	334	1777	379
Sg_M02_37	3465	109	53	1018	306	7	229	131	251	278	0	16	851	457	9158	2664	486	9054	414	49	116	501	552	50	7	1316	1063	910	266	1759	55	2	78	1713	10	441	217	7	428	48	79	2770	294	33154	23	1548	142	42	357	226	922	182	372	3918	1373	1461	335	50	1062	2947	4
Sg_M02_5	6	13	16	185	28	30	103	295	13	147	107	38	459	334	52	219	174	373	3	496	266	180	1212	166	306	1458	8172	260	31	423	83	37	76	348	1513	21	1012	45	176	709	454	485	401	102367	120	1810	99	158	3394	300	582	2834	6880	327	655	450	160	401	979	298	111
Sg_M02_8	255	292	51	1127	16	6	306	196	129	293	3	81	771	356	291	170	71	1306	6	87	273	588	298	903	469	385	280	69	69	3899	166	35	269	2982	3096	17	713	59	118	565	941	795	338	10940	63	4873	844	94	759	2727	752	513	3706	2696	378	2023	33	246	1611	229	104
Sg_M03_37	22	131	37	152	48	82	483	112	54	59	2	34	39	10	41	75	142	459	4	72	193	373	228	226	179	110	1036	1018	55	325	247	119	176	87	81	16	145	26	2263	117	459	451	110	142	169	262	320	165	775	261	265	8294	179	116	378	1365	64	119	255	271	312
Sg_M03_38	13168	81	97	77	111	17	3	13002	1	2	22	2	77	11	27	7	7767	1	3	0	9	227	16	10	7	1	28102	15	2635	33	205	5	276	31	3	6	30	37	27	63	326	4	3	7	10	7	111	10	150	93	14	5	14	45	5	3234	108	2	135	27	3
Sg_M07_23	21	185	1181	252	22	432	3513	833	135	210	4	8589	45	50	92	951	1800	417	29	69	3520	352	396	215	162	1871	1518	142	27	114	2342	24	524	704	475	26	1491	119	1571	1518	2965	465	766	197	876	908	13953	497	1294	502	711	347	560	1172	139	1163	24	533	288	458	4596
Sg_M07_27	16	102	52	88	29	148	141	120	456	19	7	197	42	8	22	79	16	23	26	0	54	25	109	148	49	40	56	16	2	36	379	0	64	27	44	1	44	9	35	37	30	32	68	7	8	53	67	39	132	62	100	55	145	22	14	56	0	39	85	181	23
Sg_M07_39	160	13	294	55	1860	1276	1312	40	8884	1060	23	205	680	445	2402	3164	40	7258	1443	32	1619	5	68	18	773	435	191	2	122	208	27	3	95	122	733	12	671	432	34	540	1386	51	1314	4	5	36	385	77	9	121	1385	143	4	37	927	114	1	1	3907	418	1
Sg_M07_4	504	568	34	65	168	10	600	6948	5389	270	321	76	32	19	115	959	11	2305	15	164	5	2214	2941	9	9	16	2972	114	141	4793	63	35	125	32	34	114	5184	210	51	961	56	897	87	5	438	81	49	291	4	1318	3430	361	28	6	15	1815	0	1	45	14010	23
Sg_M08_36	170	10474	263	8332	33	292	4407	5908	18426	63843	7	111986	27475	414	3671	32112	1832	16793	2185	437	20868	1302	730	4920	231	253	4058	198	737	6488	606	40	3597	6329	867	213	2617	41	573	777	2613	2645	9024	429	106	23897	7154	856	3000	2595	6671	4429	1874	5104	301	3875	332	1577	791	1857	746
Sg_M11_5	7855	7815	4207	6741	17222	666	851	4603	4389	0	4	113	18	2581	2210	508	2763	1137	49	2739	15998	1286	2253	3832	4931	5687	758	6109	16172	1473	626	3096	460	179	246	4110	1539	1253	4598	528	565	684	110	450	498	146	186	3433	5776	144	4479	4367	930	1442	5060	287	13393	1556	153	8744	329
Sg_M11_7	8	219	508	91	41	2648	873	47	5148	151	3	97	64	23	42	197	13	116	4	95	199	42	784	129	99	125	57	39	8	74	92	10	47	63	194	22	60	26	177	53	40	111	152	112	67	173	138	85	89	96	62	91	95	68	98	109	7	101	141	202	37
Sg_M12_17	435	3274	14135	61980	34	52	2948	408	206	13916	30	123	3012	552	2596	1471	23	2685	19	1541	199	697	2222	246	422	331	504	564	30	4677	17395	172	14660	9924	7263	61	46832	296	7511	1077	38282	2209	56535	17305	17938	21623	23105	80823	16197	8116	7535	878	1382	11647	980	4236	110	1134	922	29786	2199
Sg_M12_21	566	480	7326	46705	7195	2671	27513	1267	9143	43539	317350	5573	4014	1712	789	10922	1471	17188	2312	18301	2043	6638	108074	950	5729	7430	17277	8619	179978	4201	31311	101065	62985	10777	8731	232072	21377	352562	52498	77410	96979	673	4450	5029	330260	11731	54050	363811	2783	4461	7575	9316	22312	5362	2415	2604	1046	1285	22134	25580	31205
Sg_M12_39	994	1244	8418	9291	17979	1201	27734	805	24855	48015	95463	66467	1475	3176	400	4787	1112	23081	2780	3642	5577	652	143352	853	18331	77344	3789	1226	19532	4665	14206	7791	47958	47193	6099	8535	52970	210212	11396	91998	25650	1348	9031	1592	30521	18205	66918	59150	4124	7673	1070	980	17398	882	2375	846	5	6313	18117	11379	3238
Sg_M12_6	435	80	125	3009	1608	134	815	757	209	17036	141	1991	1583	820	2674	2348	237	5975	144	1058	675	21404	5219	2397	159078	34144	29810	35867	3930	90627	862	488	4643	3525	8674	429	7680	389	3859	2336	2751	77905	5223	69821	507	17189	15955	1975	25266	16721	20004	34519	36010	23218	73997	77057	7504	37230	58864	16376	1179
Sg_M14_27	9479	2796	10076	3890	1256	771	2803	3139	1774	4831	4	23349	47301	11513	66220	5903	14224	9380	2768	273	1624	2170	437	9843	98	984	2481	4633	2487	9284	1219	20	2269	7650	807	63	1494	1369	5283	1549	3613	2101	1229	2606	12513	15648	3250	8592	1869	5578	4829	18587	12768	10469	3032	3831	693	7271	6953	4055	934
Sg_M14_34	20	1	27074	21	4	1	8	4	3	0	2	5	24	0	2	2	1	2	1	0	1	1016	2	1	19	1	24	2	15	3	2122	1	27	138	1	65	1	2	559	488	27	9	9	3	221181	9	21	12	98	1	2	5	1	41	0	17	0	2	4	47	5
Sg_M15_10	885	11055	1124	3164	98	620	14237	2608	3126	48	4	10462	1084	844	146	13336	1775	2714	27	1172	16277	762	536	1227	51	370	744	63	1025	401	9635	8	1373	102	2193	3	3615	215	699	2359	630	1630	1395	128	53	841	131	170	5655	833	6299	2109	845	1977	1889	3825	7	71	361	958	107
Sg_M15_17	202	135	168	1057	400	2396	829	14614	853	227	19	6519	306	3448	115	1101	57	379	278	276	1892	1467	1137	293	142	1687	9009	4004	157	887	3929	27	6114	5725	11060	17	12045	232	6558	39508	7895	643	2929	1036	233	1086	33542	2340	367	1594	1777	7187	553	398	508	3310	1721	805	2624	6423	1341
Sg_M15_29	101	54	362	1194	310	42	1825	356	1513	1926	2850	686	421	183	11	314	273	951	201	271	163	660	4042	21	698	2310	430	72	606	141	660	326	1456	1470	385	1557	1384	6903	789	3125	1064	296	470	65	3895	1908	1560	2623	159	311	361	88	502	54	478	60	3	166	598	543	277
Sg_M17_3	135	13143	361	635	47	36	206525	34594	37569	250	2	290	332	1485	278	4931	167	371	58	181	708	289	12469	444	295	142	986	258	32	307	957	5	2279	228	224	6	397	41	199	9885	232	526	323	386	22	279	157	97	25457	217	15356	8498	402	389	256	2832	67	423	406	1485	89
Sg_M17_33	657	4333	18085	86	103	3436	5393	14334	6630	677	68	72	262	217	12688	6675	73	6464	11	20	2520	6287	7963	1033	38	249	1618	9	717	371	380	12	11347	170	66	34	4259	1638	26	2612	19	274	67	19	55	1184	35	251	840	109	2308	3369	10	30	17	830	12	85	48	1321	24
Sg_M21_45	59	73	108	1044	89	117	5524	291	248	549	22	400	174	131	263	284	48	205	21	364	505	453	5664	518	354	432	843	727	74	579	454	64	354	572	960	85	27147	215	841	674	578	710	832	2113	1123	627	845	699	727	37494	979	459	763	1005	709	980	321	727	986	557	964
Sg_OA11r1_10	4039	1420	3138	13174	2133	224	3110	8951	493	2971	558	1210	5266	521	1471	494	4417	1839	80	2719	1436	23515	754	1190	1806	1110	2956	6285	1384	27180	8853	816	11855	2073	1428	381	1540	768	2079	5084	8749	2462	1659	1840	746	1895	7640	881	3874	121915	1175	2040	1455	2539	1472	3214	1354	1705	1862	2057	1340
Sg_OA11r1_12	4548	5022	6387	4382	1419	7	287	20754	24	9	226	34	5487	137	3039	356	8026	260	43	21	1017	25287	92	674	185	70	13370	1082	5767	41205	9567	11	13892	321	201	21	668	111	19520	4306	35462	95	128	0	105	206	146527	461	3506	62529	350	2141	138	1460	71	8659	212	0	99	4052	5
Sg_OA11r1_9	2	26	15	1150	9	27	1224	53	20	190	18	2095	133	677	125	82	28	160	79	123	1935	5912	169	163	18913	138	216	286	19	20432	216	138	2424	4576	3309	110	5379	1485	128	74	80	1719	6497	617	352	4428	110	1310	186	21385	276	123	403	379	286	279	105	376	539	180	172
Sg_OA13r1_14	15	50	24	883	233	4571	220	290	1532	19	0	83	33	1759	10	27	9	297	1482	9	12	2643	4723	6596	1784	1944	11420	1	1	184	236	0	327	5653	98	3	951	52	1451	324	13190	1722	73	54	32	212	964	24	8712	734	23954	684	8	439	12	942	3	38220	2521	4475	8606
Sg_OA13r1_52	19	48	64	503	166	288	268	131	304	418	68	242	67	101	250	204	19	570	47	548	246	388	232	226	323	487	448	433	74	2060	3966	384	469	362	2695	198	3560	190	466	11516	343	503	1023	639	581	1287	617	338	3528	4074	25816	1297	756	513	620	375	528	180	490	20389	937
Sg_OA7r2_37	499	23	46	590	126	642	318	742	35	189	9	47	35	84	17	1095	10	65	26	47	810	226	188	1411	130	70	237	128	7	158	3669	18	3089	692	133	11	207	132	2198	17534	15545	231	224	510	1135	2601	435	226	436	575	11751	19565	674	583	985	1271	18	887	901	996	221112
Sg_OA7r2_38	1784	1492	1460	5764	2492	622	6286	2584	1456	4901	249	2857	1949	2345	1641	2043	1414	1967	304	1835	6603	1481	17356	3335	2349	2234	3973	2219	2072	3118	2743	2456	1797	2582	3226	1467	3220	755	5181	2123	2876	3720	6138	3615	2054	10372	19453	2590	3667	3997	3696	135552	3188	3765	2335	4468	2327	3210	3500	2094	4364
Sg_OA7r2_4	881	19575	23	147	73	2	23	166	1	3	91	35	18	7	3	0	2993	36	1	1	55	64	8	3	5	4	7641	5	10	1776	13101	5	18625	60	5	1	80	33	20	76	337	12	19	0	406	20	39	186	119191	1221	7	38004	1	31	2	33892	1	0	7	500	18
Sg_OB03r2_1	53	7	1	170	1	18	12	4	1	450	3	3	1	1	9	14	6	2050	0	19444	2	180	185	3	0	5	17	14	33	95076	4	3	15	9019	32	3	7	2	103	63	1	613	2248	9330	17208	70	32	2797	24	648	894	5	38894	22629	1	152	17	1	62595	10	3
Sg_OB03r2_39	18	10	29	415	131	104	93	52	14	1434	106	274	640	87	179	261	27	306	42	1758	103	3555	594	899	7118	1917	1912	4208	150	4035	126	541	421	4196	4751	247	1146	191	581	173	861	2621	10478	8679	483	2294	1341	464	726	3465	534	697	7815	13079	5516	2619	1426	7783	6170	2222	1531
Sg_OB03r2_6	4	21	2935	157	16493	915	64	307	10	21	9149	60	81583	8	74	50	37	6062	69	4005	17	119	59	181	579	30	131	1089	50	597	34	376	57513	967	77	134503	33	47	1843	36	62	432	48	607	101	11658	8064	883	165	101	62	80	54506	81237	546	156	4023	379	148	5893	1074
Sg_OB05r2_32	14	1941	4342	3749	530	1568	105	36	90	187057	9666	70199	2811	105	188393	363	109	996	106	85702	2876	23	109	300	366	8583	214	46	320	609	30	4268	28	193	553	6	35	471	111	22	89	154	1006	9673	1518	63	713	1536	39	54	195	388	14288	618	55062	286	12	10205	10505	135	382
Sg_OB05r2_38	244	34	49	3105	23	1339	1492	1171	1447	137	871	3161	1557	509	7218	562	410	3605	124	138	1083	10536	6956	2810	612	24174	30075	13136	1350	10934	1040	1932	5593	13748	11314	778	7145	766	3954	2100	1566	46363	11592	5309	601	10933	104	2904	9547	7704	4861	5528	27415	27334	24810	21716	2298	443	9370	1437	920
Sg_OB05r2_8	2320	164	104	787	513	108	122	190	234	452	27	294	797	670	8026	1593	483	8467	289	436	197	407	375	83	235	983	789	492	850	1211	55	57	92	1997	89	310	194	10	551	36	59	1825	390	810	19	933	114	180	335	133	816	276	195	2545	60245	1230	644	131	737	2719	17
Sg_OB24r1_18	589	322	373	16290	517	9995	5597	2676	334	5735	698	2684	4139	2587	55849	2830	4914	6294	244	12562	4699	15599	28746	11184	8556	5650	60925	38652	27531	27994	3609	3124	1375	8541	95932	2851	10516	12022	8708	4869	2705	97288	23836	75092	1852	2983	19599	20357	58396	20850	35160	16536	17075	85345	63938	64782	309540	19997	86853	22801	4613
Sg_OG24B2A_25	39597	213396	98518	14552	1346	12082	22850	9411	1398	3131	100	119053	60304	9261	1659	14374	21614	3132	198	1044	11189	5024	1807	7379	371	1088	4151	906	565	33071	4727	138	2363	10264	7109	222	25521	4166	27031	25265	95479	2560	13456	5107	10497	29422	4066	7002	23407	21412	18829	9824	3920	10882	1552	50523	252	1231	16624	1064	306039
Sg_OG24B2A_39	5	1	27	106	5	21	832	4	22	30	2	42	182	4	58	50	6	435	279	11	41	111	2363	32533	65	124	1104	280	2	130	490	9	194	513	2230	17	649	798	5524	1659	4674	404	984	369	99	102	98	1815	415	4466	202	4622	215	203	64	250	5	174	1173	902	8017
Sg_OG24B2A_8	98	142	537	4155	1066	696	668	205	5328	1168	2191	843	50	138	38	331	88	1369	125	497	106	156	1629	69	193	341	495	62	1287	201	990	575	2082	1598	96	777	19113	13608	901	826	995	100	368	131	684	1949	676	797	1566	332	577	452	197	941	99	356	1	22	542	417	17362
Sg_OM21r1_55	86	1188	326	282	29	81	2639	3272	3391	27	5	220	172	176	102	374	147	902	58	37	519	337	5754	212	30	87	228	18	62	204	2032	12	7143	57	129	19	259	110	198	224	72	88	89	31	11	124	50	47	1010	144	542	2210	32	134	88	559	6	49	63	41407	25
Sg_P15_12	4	1	7	99	14	16	15	58	37	132	67	21	19	5	47	32	5	62	3	452	12	16	37	64	1271	70	231	311	11	78	46	378	19	71	107	34	43	691	36	26	33	85	67	134	222	74	21	70	75	33	40	553	21469	65	78	45	50	4037	176	70	96
Sg_P15_15	150	80	445	183	48	214	172	167	86	235	16	94	140	160	113	1572	33	99	346	64	115	194	601	6650	315	2198	2916	914	195	120	1538	167	421	185	745	37	1059	34	604	8767	251	749	365	305	14533	1430	10263	4604	268	2925	6198	2148	16407	434	648	2970	31	192	241	1756	16786
Sg_P15_2	3360	56725	844	4715	165	1385	6691	2547	1862	13218	21	2278	517406	20180	4646	18038	1933	13681	533	1397	3737	1072	5378	2267	99	722	813	1209	256	9944	992	63	2056	4269	4184	29	7426	637	2281	1204	4791	9196	1488	433	406	26155	2624	30511	1809	8803	5648	2414	1162	94828	403	1389	118	48169	3085	13013	360
Sg_P15_21	43593	163931	5036	14164	22820	13345	54402	24551	1986	8191	2	229777	59887	11676	1958	58403	11780	9036	512	724	7580	2717	1485	6509	225	467	1719	589	5843	38336	3458	228	5202	4068	28058	30	16001	8185	30953	12516	31172	2461	35171	9912	21607	125996	22789	110423	6863	53958	18430	41884	25966	5864	10246	9415	107	220	12489	897	2451
Sg_P22_10	5020	794	241	44	1124	49	2285	1026	1765	1	0	7	4	9760	996	4	2581	127	31	105	1334	160	137	19353	450	974	2982	9481	4870	50	269	3240	142	11	6703	5413	979	75	769	556	1751	64	11944	224	108	31	8	138	527	597	1066	266	40	113	555	411	2315	192	14	492	677
Sg_P22_13	6659	679	0	45027	36	705	353	385	439	49	0	1654	47	182	834	27	3843	6	249	479	62	242	1167	378	2	2	1021	400	5456	2368	1620	1638	2357	12196	24	730	614	12	219	48	474	8	72	56	356	2	14	764	6635	224	29	0	455	446	0	45811	2743	2	2429	2870	268
Sg_P23_1	3007	113	117	860	184	36	221	155	236	49	0	78	717	404	12167	78782	386	7472	360	21	322	525	383	129	23	909	817	436	276	1532	124	12	82	1611	26	310	242	21	441	36	74	2058	320	906	23	933	94	41	223	212	715	243	171	2622	972	1051	321	7	971	2339	7
Sg_P27_36	24	18	4	41	179	2575	953	181	25	8225	6	54	2234	74	3609	840	48	619	7	27	2041	80	2720	1122	101	46	548	6026	23	6361	465	30	1237	40	225	94	2042	1948	944	699	3514	415	19187	10634	1733	20340	6787	19	2013	3092	3630	6027	115	76	103	1633	49	131	18605	11061	170
Sg_P27_38	10	95	525	797	709	3220	657	1150	1270	528	8	62	17	9	53	1008	10	715	945	6	1893	10	59	13	77	57	1545	31	8	37	4187	11	14899	174	465	1	4901	7	3132	116	34	1624	1610	17	25	16032	6992	378	433	47	75	57	16	716	30	283	7	69	59	243	1506
Sg_P27_4	1617	1073	2708	6048	959	2777	15326	2520	2238	4774	794	368	1335	202	1400	369	1979	1125	981	634	254	4153	1747	222	243	218	988	245	1350	837	2706	271	1482	760	177	17196	1117	4833	467	690	1179	985	620	69	166443	68694	2549	37295	351	2089	304	206	724	142	275	402	10	55	892	875	2466
Sg_P30_9	138	402	2094	3285	1333	309	2661	1013	3444	3242	1451	2189	1288	465	5924	1195	437	5901	355	1805	1416	2374	2688	1709	3767	4318	3187	1631	453	2360	3088	3396	1375	4998	6461	1263	2183	5507	2923	1893	1616	16765	2778	14576	5677	8810	2498	2259	1899	2675	5485	1658	3257	5213	6130	5358	1066	5176	3058	10143	13765
Sg_X03_29	22	176	16	15	2	74	120	7	515	7	0	50	3	4	6	19	4	7	0	9	12	3	275	33	1	30	5	2	4	1	50	0	20	5	121	1	4	5	7	3	10	17	9	1	1	7	17	23	16	2	3	16	6	3	3	22	1	6	5	22	5
Sg_X05_12	3218	4433	80	49856	551	138	395	13815	1483	129	8	8689	133	25	85	4860	1692	1260	11	99	13309	279	2523	442	32	180	15474	59	23	697	838	13	22238	165	149	0	13499	9	1576	1418	760	256	3609	128	46	442	436	68	1202	2947	2193	2053	167	105	5744	3748	4	40	1887	272	52
Sg_X05_3	50859	8203	4794	147659	33646	11	3331	30728	193	11	63	9	118723	5453	437	1336	13572	12030	412	65	9213	365725	231	2779	4588	23	8105	17846	3670	23651	84039	16	263892	399	8789	17	24233	738	65079	361866	198123	3264	4852	9	733	5554	82278	365	4369	102020	2880	995	48	47321	2649	12713	2322	0	140	13103	25
Sg_Y07_14	204	142	387	199	359	19	307	217	309	174	4	57	694	229	1140	379	134	8931	66	97	262	833	869	324	302	2403	1004	174	65	1878	223	13	336	5345	874	5	5001	59	407	126	680	4835	758	319	52	2050	54	53	1724	2252	718	1425	6149	6797	847	2043	210	385	3253	4243	63
Sg_Y07_23	6911	14309	54825	220	78	16644	5945	4124	770	20934	199	139889	1547	14393	112003	56098	48	142015	71	62	15980	8974	468	124017	28772	1052	856	633	21	7633	7124	55	11819	12252	7878	54	359	144	12060	482	159	308	362	1098	339	496	12017	297	14433	5281	958	26674	63711	19954	375	560	29	25379	754	24971	628
Sg_Y07_27	31	47	1114	1636	28361	44	187	2557	1247	679	48	12297	562	44	7476	7930	69	23102	383	732	3776	1489	1297	11084	188	264	2400	127	29	2386	2595	40	4531	86	101	72	4756	516	20300	441	898	191	393	624	154	1647	369	2381	1190	463	2101	1371	284	757	727	1232	55	386	279	14835	201
Sg_Y19_10	1392	5141	617	182	6152	908	1203	2069	668	1	2	16	6	1010	319	31	335	1935	20	23586	34305	1037	264	171056	877	498	361	34345	3808	271	1016	757	90	19	1235	1448	254	89	1633	409	911	210	137	171	356	265	31	1198	568	25	2069	686	757	506	720	363	2371	572	65	176	77
Sg_Y19_13	4	21	2927	791	5299	3179	56	50	581	3402	12734	1613	87	140	139	242	111	8950	351	89998	81	162	7091	65	308	531	255	424	1965	224	197	466	1376	1256	270	12238	340	12146	268	216	631	63	525	223	1677	140	2495	3626	371	69	208	58	3577	1560	99	153	50	938	1533	1506	4497
Sg_YA03_20	4197	1624	1547	1519	1052	537	1291	1206	1132	537	75	2286	8394	1584	7961	3382	1075	7237	449	877	2198	632	1134	1059	721	1639	1489	1229	455	3706	1079	647	692	2513	1650	778	1451	131	1300	641	836	2519	1030	1619	1448	2100	755	1165	922	741	1694	942	2268	5355	1917	1597	945	3140	3599	3185	441
Sg_YA04_9	20	48	59	228	275	53	248	355	91	1159	28	22726	199	118	729	244	30	865	48	222	152	657	5969	193	266	3651	1571	1655	266	1242	245	7	721	33729	1368	10	1226	52	617	214	1945	34737	866	8895	222	5511	1752	129	23085	859	798	442	2650	1726	1607	8704	264	458	1656	3904	425
Sg_YA12_28	485	1281	783	2409	821	849	2385	691	895	5365	572	2314	1321	419	955	919	871	1949	211	37269	1734	1266	1105	1981	2430	4425	1814	3330	616	4178	954	7810	962	3600	3643	6665	1965	1558	2867	1509	2340	5218	3809	7489	3637	3912	2499	3523	1539	3453	3496	2710	7720	4298	10832	2185	617	4704	4770	1781	1529
Sg_YA12_4	8	5	179	17	3931	11188	159	27	6	6	1270	935	40	142	9407	298	39	137	419	21	294	7470	35839	1327	1616	137	21754	1069	113	25617	2094	1700	2614	22477	18091	5022	13877	831	26728	981	3383	70804	28004	21393	122	24250	3136	4586	187	1032	10972	3123	261	3452	30452	5502	345	81	21671	4165	1755
Sg_YA13_10	75	164	200	1143	242	597	939	533	2458	14674	6104	503	576	230	451	623	83	907	116	914	981	2202	6492	629	734	34165	2773	674	126	1258	1451	603	372	4134	9744	255	739	411	752	335	667	36809	1359	7013	573	7890	555	2795	1325	1194	800	543	32752	1203	5239	4507	151	1878	5397	1628	961
Sg_YA31_31	12089	2635	12855	9761	2657	8	482	15490	24	6	90	36	11609	374	650	955	15638	1133	303	24	1548	58189	121	950	413	5	6007	3525	648	4000	28105	3	32452	867	383	87	1210	143	2850	13623	25167	363	231	21	251	576	23687	733	2038	15931	476	243	25	3809	217	6844	274	4	212	6392	20
Sg_YB34_1	145	86	51	270	121	7	124	94	92	185	7	226	539	31	633	229	69	1593	12	350	581	875	1399	146	548	361	505	210	906	286	74	33	109	3099	523	31	625	15	1042	178	210	2331	443	6430	98	4508	75	167	311	422	1246	598	6669	1388	234	619	92	5551	5570	631	1757
Sg_YB35_19	19	195	98	217	52	90	465	316	79	600	8	236	478	217	2166	434	27	237	58	418	200	1041	257	329	43388	1449	744	1873	312	1635	337	133	1201	6226	2203	1527	2194	107	351	670	1515	4150	1899	2243	569	12264	352	491	1831	4219	1518	783	3847	2246	9168	1471	501	5476	5232	716	355
Sg_YB35_41	143	461	428	50799	68	766	2385	58	5440	108	6	384	20	84	65	292	773	48	5	47	17054	8799	2185	496	1226	646	5717	862	17	423	6352	52	5185	400	616	19	1206	2894	2985	26197	17700	417	742	357	496	889	34030	663	5099	6180	10614	567	581	824	452	656	28	1526	322	200	268784
Sg_YB35_7	3579	181	81	1108	233	13	237	102	211	813	4	264	790	425	8547	3632	408	6569	456	97	231	551	529	100	115	950	1026	871	256	1868	70	77	119	1579	19	279	334	19	401	74	89	2461	417	1052	68	1192	163	42	334	259	730	291	259	3931	1190	1511	309	187	1395	2566	61
Sg_YB36_42	267	388	684	7222	582	636	2106	672	816	10285	1634	2117	4473	702	1725	1325	228	2733	463	9295	1749	19498	2729	2225	24907	9319	5526	16507	2684	11087	1379	1756	1749	24661	18825	1278	6835	2425	4121	3455	3946	16179	52026	48613	2957	10994	4809	4143	3255	11846	4407	3162	47746	25957	28908	8279	5405	24429	28736	10251	5936
Sg_YB37_21	9762	3180	563	10595	142	140	2558	7248	1407	70986	14	3034	1720	3176	1550	12619	4422	3801	150	586	571	1931	264	28683	167	113	1199	242	67	1723	604	31	6667	192	1313	32	1761	1057	470	915	143	104	1541	305	135	408	343	726	1812	1470	3103	604	238	303	210	1113	19	356	1032	223	492
Sg_YB37_28	170	243	352	4647	331	248	927	472	1090	1229	1038	1116	2412	565	1806	355	315	724	61	997	1454	1838	2618	1548	2225	1213	3848	1301	542	8741	762	2107	1187	3738	7430	834	8370	1705	2527	744	1020	6366	2138	25347	923	5253	1490	2465	4035	6454	4339	1871	3979	1322	9107	19656	763	3706	11099	7763	2091
Sg_YB37_7	1239	134	593	1304	5279	256	1269	1353	652	1227	1369	344	287	195	470	228	650	453	244	2470	7171	542	2303	1425	2319	2159	1416	2848	7577	901	860	2189	902	693	1291	2883	1145	3853	2622	1281	1542	1310	434	825	2517	645	1041	5867	1747	394	1239	1891	1652	1007	2040	753	4715	1364	794	937	1087
Sg_YB38_12	112	153	212	1214	5379	418	1150	466	514	3732	286	833	771	232	869	540	114	901	115	3715	1180	1355	971	1587	3394	3249	1584	2021	304	3085	927	1321	1150	3869	2552	973	1212	808	2365	944	1201	3247	2772	5852	1211	3172	1259	1178	1892	3248	2476	1413	11395	4473	5604	2834	631	56366	4650	2384	4244
Sg_YB38_21	529	227	9405	306	1582	14312	887	984	702	425	70	253	103	90	424	150	266	432	49	1199	2496	136	588	403	438	801	320	7766	1127	242	95	493	323	179	313	8008	202	170	735	218	90	365	282	258	133	210	84	566	219	124	1209	617	28145	479	738	256	624	559	336	430	1721
Sg_YB38_6	116	5	475	6539	708	194	819	358	33	1180	11	681	1152	88	23	421	3	82	19	3	307	1800	241	11	2342	1889	585	1539	3	5168	995	2	3017	196	24348	1	18955	4636	199	1466	109	12628	15230	3962	19202	24062	30	27121	45	408	2044	317	96	923	17	308	3	2800	8339	880	23133
Sg_YB39_24	1854	253	339	2999	823	427	1099	948	1311	4260	539	1416	825	721	5992	953	446	4833	278	3814	1342	1375	1243	988	1716	2587	1912	2043	382	2693	1449	1454	687	3036	1995	956	1282	548	1326	693	678	4787	3185	3345	1041	1771	860	815	1287	1684	1458	895	3851	3310	3164	2793	2128	2672	3316	2282	1338
Sg_YB41_11	75	119	121	1827	149	60	338	178	167	708	43	2078	641	1181	514	318	110	328	21	2347	324	3984	893	406	982	441	1183	433	55	26691	203	369	2293	5827	9724	146	2468	349	657	693	2412	16182	863	8191	343	7385	456	1641	1967	14893	1251	3515	1230	614	3064	6506	84	1788	3246	2847	323
Sg_YB41_12	3180	15	10	5624	8	46	7	19	10	51344	7	79	8	315	434	255	5	13278	20	34989	6	713	7	12	8	2329	54	1731	4079	269	12	37	160	5052	13	33	13	10	4	37	13	4853	19	10024	3173	496	329	306	49	6	6	4	166	3684	75	403	3226	58	307	44	40
Sg_YB46_3	82	257	846	4675	438	215	2441	423	226	1025	58713	206	553	103	48	434	967	591	176	2930	176	841	1561	262	351	619	914	1002	8216	439	2231	316	3514	1082	318	1908	238141	28646	4956	14513	3050	171	26982	290	4322	2960	17906	4510	470	1597	371	765	843	588	306	361	41	946	1970	832	306
Sg_YB50_23	47613	543	2481	91	33504	5	30	36780	2	3	33	7	732	10	50	43	11508	44	7	3	185	4553	45	70	14	0	1451	110	49	330	3344	1	1773	279	7	42	65	77	223	417	1192	18	11	3	7	10	1097	1	3695	1151	76	57	6703	195	4	469	6	0	143	134	1
Sg_YB55_11	630	649	27	14	382	43	424	72	1413	69	1	72	2813	2320	94683	13564	5	50	253	189	27	7	1406	6	5	50	18	4	8	8	9	1	12	19	63	7	12	0	4	409	10	45	2722	8	12	16	23	1144	23	3	202	56	17	7	56	13	12	66	17	387	15
Sg_YB59_31	534	584	652	927	451	2188	1270	589	991	763	90	1672	712	332	2306	1144	566	1713	664	3469	876	418	518	493	624	1120	685	615	109	1814	1864	2105	1639	1722	2231	2294	1849	1367	1871	1669	955	1995	1474	2134	3261	1916	1342	2444	1464	2361	1832	2020	27218	2521	1986	1618	1009	2305	2145	2265	947
Sg_Z02_23	700	2081	38339	3209	7800	41007	5339	1801	15585	3726	34	25948	2915	817	51870	6374	779	17002	24328	37661	4937	488	2017	11333	1164	54584	1372	627	4193	1081	1324	654	9719	1693	1974	1353	1632	909	8543	883	1378	1937	3165	797	761	4727	1509	2143	1193	792	1066	3573	7065	8336	2639	1992	95	55116	3944	2265	3039
Sg_Z02_43	27	94	1043	9356	4259	67	7295	171	2768	3862	5570	1256	489	1012	31	2061	352	3346	6670	4683	2168	3322	15793	1902	4543	7941	10600	3660	1514	178	9074	4618	7486	14654	332	1088	7210	14578	10926	11231	14544	473	1122	1165	929	9905	18089	52308	115	1251	843	481	2833	348	3952	390	5	169	2454	526	6346
Sg_Z02_5	5	37	16	92	72	24	156	71	40	53	820	234	13	14	211	129	10	137	7	242	111	79	71	101	16	3201	527	64	134	125	123	20	49	178	317	434	627	135	988	187	727	641	67	762	466	175	104	715	65	4167	164	1713	91	166	242	5988	36	68	154	185	712
Sg_Z03_24	2299	7224	61089	31346	3596	1481	14013	18813	16712	26751	9	4684	4153	4271	2786	37998	13410	49575	2964	972	3642	317	7872	182	247	1302	1255	588	1601	1568	7335	64	9355	19516	3366	273	9311	18874	7755	3340	741	110	3435	156	157	4049	9738	1597	2890	3308	5837	5102	1306	873	816	686	50	250	6454	5841	157
Sg_Z06_28	873	81	5338	4366	741	3693	5369	2245	20490	69905	1444	20013	881	316	212	5000	191	13451	1781	267	279	217	477	387	559	824	2090	324	10151	658	5946	8363	14347	3942	1613	77109	1210	244148	12422	12393	2953	514	4200	398	2085	4243	29170	31866	47	1938	615	1036	28845	203	403	84	38	2411	33400	29315	49
Sg_Z07_36	4	1470	114	40	6	72	8542	96	8121	26	1	19	164	8	17	122	20	36	142	5	47	3224	2327	130	2	12	169	15	184	54	335	0	246	9	9	0	3440	6	71	3920	11	1039	22	13	1	1561	35	28	12664	39	172	8365	15	43	9	258	2	47	8	1639	31
Sg_Z07_42	41	28	78	1762	140	146	103	161	70	1977	16	860	1122	164	207	241	95	1335	31	2159	281	5629	4127	1795	9323	30782	4707	6811	231	5205	436	291	592	4169	7015	174	1453	147	569	269	1037	9627	20141	10049	415	3539	1314	444	25169	7136	2477	2628	7939	9386	13320	9258	2701	12245	10173	5523	1267
Sg_Z09_20	257	182	794	3440	179	1660	2810	3061	295	3047	252	1593	447	429	543	2424	183	898	72	745	9679	2531	1831	2130	1335	1568	5984	3399	277	3391	4925	183	3617	3414	2230	660	4367	1456	7514	31378	3848	2503	1548	3596	5254	2573	4098	3107	2905	8457	3339	5462	3432	4280	2869	6508	289	6254	2916	3153	44769
Sg_Z10_1	164	136	489	1688	292	268	1955	1986	171	2940	907	635	644	195	1909	814	189	1062	81	1210	14838	2530	1198	697	3563	1190	2507	3253	1692	2654	2555	378	1104	2834	4039	400	2279	2982	1286	23585	1081	3955	2836	4100	1348	3003	1812	2653	1521	2521	4784	2955	4497	3100	2156	2254	1640	2476	3328	1680	8883
Sg_Z12_45	70	11	7	1917	12	1070	468	254	45	118	5	228	465	273	7688	259	568	834	41	56	271	2564	3383	1965	761	270	8092	4415	1260	2209	345	27	231	851	13843	20	1410	1260	752	415	384	10597	1743	8542	23	2289	1611	1966	7567	1419	4232	2096	2175	10360	8019	7357	12283	1437	10297	3600	48
Sg_Z14_36	1074	377	935	1728	1775	389	894	479	848	1770	981	2378	485	2522	126	1464	4294	2484	485	1839	271	396	2104	84	306	648	533	288	5292	447	1928	1415	2150	626	255	3993	2118	5804	1485	1939	3183	80	817	120	2400	464	1980	6961	265	660	421	415	1137	333	131	367	52	54	1082	488	342
Sg_Z14_45	4855	166	54	536	250	30	138	68	168	38	2	34	589	557	8226	1955	296	7879	311	33	125	401	430	50	8	1658	748	701	171	1561	88	6	114	2015	14	228	208	11	323	36	77	2967	377	796	16	839	111	16	505	171	1098	150	181	3239	1579	1759	222	17	1067	2421	12
Sg_Z14_58	36539	27944	2790	134794	462	390	10143	5954	1175	1982	55	2452	6838	9492	319	2723	18701	1249	4996	27	2028	1777	3221	2623	86	225	542	255	1111	79465	432	49	4405	13429	1422	28	4988	3395	5881	2007	3793	1998	53307	2554	1291	6148	2564	3041	25033	80317	5560	55595	963	16243	10304	2741	154	312	74594	482	1311
Sg_Z15_39	416	180	1177	3987	1271	218	3421	895	401	7725	13982	1243	628	157	33	668	355	3078	134	1105	2226	473	2407	66	737	2604	917	272	6675	984	2137	718	2655	37255	203	2067	115314	8058	872	7692	1650	111	53573	175	12280	681	2864	4158	708	3495	600	473	29150	909	365	497	32	128	2275	1658	227
Sg_Z15_51	0	11	12	84	700	1446	65	33	1100	701	3909	1501	30	13	206	56	13	93	17	1585	42	172	143	110	12480	14841	235	5695	54	310	93	4059	130	327	242	9533	120	311	120	59	98	449	208	592	356	211	95	117	137	259	139	93	12662	1149	1311	213	30110	61727	301	324	600
Sg_Z16_22	13	25	73	285	94	28	308	358	96	356	3	244	76	9	192	260	39	101	61	610	153	177	140	712	321	5966	262	214	15	157	93	155	89	79	158	27	145	2256	428	226	78	350	254	90	108	68	210	7772	175	131	400	136	207	237	286	208	6	240	118	103	144
Sg_Z17_26	718	19609	100	11834	24	27	1198	279	2779	3275	27	1479	8	1160	4715	3608	38	2507	1442	83	1161	11	5158	5	5	10	327	17	33	29	4877	1	3351	28	1723	6	4952	76	1128	4476	1352	67	1389	8	29	1074	1821	6419	2387	45	8277	1317	232	4	159	478	1	0	108	2702	13
