#OTU ID	E11	G33	I09	M18	B27	A02	A28	A33	A37	C02	D02	D10	D18	G02	G47	K43	M04	M16	P15	YA02	YA03	YA04	YA06	YA07	YA10	YA11	YA12	YA13	YA14	YA16	YA19	YA21	YA23	YA26	YA28	YA29	YA30	YA31	YA32	YA33	YA34	YB31	YB32	YB34	YB35	YB36	YB37	YB38	YB39	YB40	YB41	YB43	YB45	YB46	YB47	YB50	YB52	YB54	YB55	YB56	YB57	YB59	Z04	Z12	Z14
Gp_EAB_462	893	429	278	714	31	285	32	99	154	43	63	23	78	243	98	65	240	34	43	248	135	23	95	124	66	244	122	98	161	15	34	1004	139	20	291	202	89	170	208	127	297	178	117	99	236	369	52	7601	66	101	323	5	107	575	115	189	149	674	403	114	250	186	620	295	520
Gp_MJ1_12	1282	1557	102	796	321	245	1213	216	312	627	2825	76	2301	2379	201	412	8641	480	1343	5889	2273	5905	46631	5779	22264	2930	3257	4594	2673	354	3269	2784	3859	6921	4485	3066	1455	11737	2061	3977	14091	7085	1723	2717	2026	1592	724	3614	3491	472	3309	6521	3318	7050	1760	2153	1302	3772	2460	4519	17139	2724	2392	2929	2012
Gp_MJ1_149	5	19	187	15	24	95	12	8	105	35	41	75	39	111	32	23	59	287	1025	57	73	523	89	77	62	35	95	588	6	14	153	405	68	22	177	84	0	279	60	32	126	131	90	109	204	51	8	19	51	21	92	142	2	27	37	74	402	67	36	116	55	38	110	102212	125
Gp_MJ1_272	14	554	27	30	12	87	35	61	158	30	70517	33	226	169	41	24	69	62	174	223	132	396	104	798	47	132	35848	97	804	1	2020	60	266	399	7875	69	69	290	172	323	199	254	176	171	259	310	138	361	445	26	3118	166	634	61	45	54	140	129	167	122	164	174	63	179	65
Gp_MJ1_444	61	157	81	247	200	431	233	217	178	333	553	56	6187	856	1273	205	1608	1464	585	822	1370	1820	2279	21749	1556	1243	1045	2391	1649	741	1144	691	1440	1188	1227	1023	802	1837	2780	1967	1229	1471	562	1922	637	1228	495	2269	1384	470	896	4680	980	814	335	772	1063	1264	2972	2867	2269	1250	1970	2421	1791
Gp_MJ2_113	279	7210	2044	507	390	1293	700	222	5795	6335	785	2997	877	1441	70867	1735	544	625	3227	756	228	143	251	869	236	150	349	320	154	426	344	75	433	212	7764	247	292	1987	349	629	451	117	445	201	1338	3110	1033	296	56	670	464	264	685	305	24	1037	233	201	2140	138	219	435	593	226	231
Gp_MJ3_423	13	3	0	82	201	188	267	437	4564	199	1222	1025	507	44	14	131	539	153387	1077	80	130	47	1448	24	641	138	249	21183	32	154	86	452	44	70	2089	279	167	8	1958	1174	138	198	1587	6	323	2776	128	87	72	779	3733	9	14	73	8	15164	274	164	375	85	380	81	154	5130	2973
Gp_MJ3_477	116	1920	3093	391	241	931	1324	432	4563	9482	1860	3883	823	2510	13456	3322	1069	663	36068	1552	622	1092	467	1096	449	797	1115	1154	639	746	855	351	1741	463	1465	474	396	5107	410	2321	1047	478	505	2825	1394	2558	2456	429	352	892	743	344	1392	513	170	932	913	805	1004	805	457	550	777	781	824
Gp_MJ4_197	49	68	68	63	11	43	13	57	163	16	342	8	225	125	22	14	2463	469	128	9617	2850	577	2337	1244	1702	52440	153	5711	2999	81	399	163	21325	208	293	17941	94	743	298	12183	212	24762	92	278	81891	114	90748	166205	17336	129	1853	31881	228	196	318	613	168	272	94377	10023	3866	10459	18997	305	4127
Gp_MJ4_65	1	0	0	2	7	10	1	2	7	11	21	4	7	8	12	2	1	411	20	21	3	27	38	20	185	51	117	33	17	111	20543	252	81	145	11	33	2564	176	5	9	84	51	13	76	70	621	0	5	35	717	8	12	1	485	551	243	651	14	15	14	195	11	66	7	3
Gp_NH_148	69	121	96	84	308	769	600	44	85	551	201	122	929	2730	744	64	1071	170	202	137	281	353	7683	7341	2797	503	422	870	257	175	470	365	466	364	361	17929	202	196	1824	368	407	13868	265	1103	487	219	55	302	243	282	726	943	338	1636	77	332	371	889	2491	249	2637	591	4734	1357	564
Gp_YAB_333	1036	29	46	497	2	339	1008	2	44	14	4	202	60	124	59	687	253	13	41	190	24	0	3	9	16	28	6	4	210	1	2	7	6	0	1	10	9	28	16	1754	8	36	18	0	11	6	5	0	7	0	7	0	117	153	13	22476	0	58	13	13	18	3	365	24	24
Gp_YAB_339	4085	274	17	618	49083	1118	43	875	711	15	340	633	8726	1574	4438	339	59	2818	112	172	36	0	17	1	18	337	485	58	36	270615	83	1	1154	27	112	704	1076	2	496	179	14907	30	259	165	352	8	4500	114	136	156	1	5	0	388	130	3355	11521	999	38	93	249	383	431	2	48
Gp_meta27_16	438	1066	13	4449	190	1773	2676	82	1502	41	167	14	484	1976	47	816	4668	67	169	2846	1039	531	5030	51098	2308	33804	359	6595	1835	82	11461	306	1250	382	674	578	55	206	13273	1838	9103	4321	240	403	9082	273	86	365	328	69	40936	457	7519	3433	1040	189	260	1636	1535	3363	7209	383	1807	303	8315
Gp_meta27_511	803	1937	1459	1023	209	1125	1273	634	639	1120	586	1253	728	610	1291	1203	511	1072	514	635	203	39	331	123	168	932	85	91	413	1243	117	1732	379	228	208	451	917	821	235	484	987	188	374	168	431	357	1409	157	100	366	167	64	228	702	360	734	71	286	328	2781	380	163	543	206	197
Sg_A01_16	92916	9383	119	38611	2	2	0	101	39	5508	431	188	3	17	0	353	27645	44	26	369	1656	122	12242	3	15708	8589	8	4	6234	1	250	7744	671	10400	44481	0	1	2575	5919	55	1418	2	14	248	734	56	117	0	250	5272	12	3251	0	115277	10	23903	3889	1711	11	688	1000	7613	1	53	25381
Sg_A07_40	28	152	39	8326	59	3495	28	158	52	2511	2905	44	409	10693	74	121	1207	79	311	6055	714	809	2088	3067	421	1037	894	2195	936	19	650	610	1163	1133	576	1006	120	3581	932	537	618	994	262	680	636	33375	152	533	1212	1006	1989	742	540	478	455	335	614	434	1008	649	640	2219	2824	464	11699
Sg_A11_10	401	164	186	474	105	537	6512	744	485	1634	2599	4598	2250	5943	6795	257	5193	1671	1979	1046	2643	7683	4245	53226	3383	5580	1855	4458	2533	512	22310	3061	2958	3382	2252	12875	705	2472	1401	3500	3728	6268	3483	2574	1185	2963	716	4441	1547	196	15346	4674	39794	2958	1147	2486	27066	7173	3947	5144	2043	4323	1930	2350	2246
Sg_A11_12	1590	1324	128	1010	17185	3042	17	6662	280	23	625	318	1443	620	806	839	83	6221	130	66	280	3	85	3	108	447	298	22	100	8663	248	0	39	250	543	2700	14140	2	590	303	867	63	966	295	4	55	5302	960	15	523	15	3	12	611	323	77	130	253	53	390	1485	128	630	12	131
Sg_A11_2	19560	3551	92	4102	103012	5450	64	3164	1043	740	192	3339	415	280	671	169	91	24589	253	587	1576	12	86	5	143	549	8097	48	78	2726	832	15	124	92	514	5702	4317	1	1018	346	1123	32	3111	29	19	12	2000	191	815	177	28	1	19	736	225	87	1547	2875	1546	6948	2745	163	15008	14	770
Sg_A11_47	540	312	98	1037	12	148	66	70	45	86	126	12	1238	219	36	40	37084	38	80	2047	2021	123	109	314	101	166	106	160	294	9	128	171	522	195	121	222	101	296	631	165	297	157	170	162	33793	136	53	128	88	73	302	140	287	1010	49	181	148	219	314	1168	1605	127	1732	3333	2057
Sg_A15_26	18	200	237	132	15	52	89	53	49	32	113	24	181	120	37	95	590	35	39	202	51	129	129	201	152	110	81	24	52	9	63	107	68	115	53	90	6	67	68	108	59	102	218	127	950	168	108	138	87	159	299	44	105	95	52	96	23	185	58	60	124	45	78	139	93
Sg_A17_17	420	2415	1293	579	859	535	766	427	789	661	26254	1208	28645	1087	1784	316	1058	664	2448	3724	1271	85113	1753	1782	2903	2004	74162	2061	1154	105	6463	2314	2365	13280	3038	1522	825	2612	3618	4636	3711	1872	7043	50119	1735	22561	1302	4452	4506	366889	4905	63797	7247	1040	749	1267	3687	2398	1805	1552	1312	2389	1238	3584	1305
Sg_A19_11	12	1	20	29	109	1	1	1973	11	5	208	94	19	219	2	13	6	303	63	55	14	69	65	86	350	98	427	5	31	303	674	33	408	93	158	75	45	274	51	1147	410	940	1124	1706	97	5	2	18	174	250	14	14	12	271	415	101	272	47	73	73	104	23	45	25	9
Sg_A19_12	334	4772	904	505	873	431	1308	827	9045	12449	17968	1462	3917	2354	402	414	1177	642	3555	3565	1899	3182	1696	3284	2274	1614	8635	1867	1398	123	4689	2370	2354	1391	5288	1462	808	4467	5363	4205	3074	2507	2767	1389	2162	62758	12683	2989	2106	4578	3717	3952	3039	1034	1091	1520	1882	2936	3708	2816	1292	9559	10010	3046	1941
Sg_A19_18	502	9551	1241	2158	56	621	585	1078	403	735	1608	57	894	2072	216	521	1000	398	2310	2138	2689	5773	3418	1344	1062	1905	1907	1415	2315	85	1262	1000	3071	3340	3166	2086	181	3903	1584	1851	1816	4329	1003	3096	2249	1599	777	6795	10920	561	1944	6932	2640	697	587	1800	1367	1728	3339	3361	2598	1303	1062	2358	1678
Sg_A19_36	3	1	1	981	3	79	4	4	0	3	0	48	3	431	6	142	5	17913	1	172	3	2	1643	0	7	5	15	484	10	7556	37237	2	3	6	32	672	41360	0	107	8	705	426	266	146	1	12	93	0	6	66	36	2	2	7486	439	410	3792	19	1	5	1871	104	1	40	64
Sg_A19_51	381	1005	312	229	60	533	233	305	936	344	1015	243	552	1240	574	1137	359	167	2295	503	930	916	490	945	558	893	573	484	547	212	487	782	802	595	1816	387	185	1867	1943	1247	1166	717	645	1660	573	3924	1119	3929	591	466	1998	892	928	660	184	504	749	1337	358	756	568	1534	326	790	994
Sg_A20_2	8786	1284	2036	336	10	9690	2287	4	1134	1009	64	61	137	93	248	844	14402	53	457	9713	48	2	9	48	20	26	8	10	162	6	6	144	19	11	22	61	6	7287	43	2565	84	49	218	1	59	94	52	5	162	25	7	5	25	6205	13	12817	2	33	14542	215	456	22	529	32	2067
Sg_A20_35	605	8	1873	8629	2	13734	1100	1	37	7	2	19	81	647	4	931	701	2	25	46730	306	0	2	31	3384	109	7	1	159	30	0	39	4	0	1	30	1	9	2	102	2	6570	593	0	13	7	7	0	1344	0	6	0	66	863	13	992	0	247	2482	2130	10	2	451	1062	926
Sg_A22_19	72	108	292	160	68	140	409	981	14033	81	2675	149	8786	288	1662	134	258	2966	38092	8437	1242	2543	553	836	673	948	774	847	398	27	556	485	687	2497	754	475	222	7498	557	433	302	485	4088	8395	462	1202	256	2926	1316	15345	4364	981	1043	258	181	832	843	276	504	527	600	705	2746	626	253
Sg_A22_22	51	4	5	3	2	1	0	0	44	270	3	1	7	13	3	298	1	1	1	3	15	1	6	1	1	3	3	12	30	0	3	0	1	3	3	4	0	1	3	3	2	8	5	4	1	5	0	4	9	0	2	12	4	2	2	2	1	0	3	1	1	5	2	5	1762
Sg_A22_3	1	10	39	6	5	29	30	2	46	11	55	15	105	58	25	11	37	20	59	47	38	294	60	228	42	40	52	35	539	10	121	18	11	169	28	59	67	51	22	62	19	77	56	205	37	12	32	131	16	749	62	108	51	1	409	26	3	223	15	63	95	36	17	57	8
Sg_A22_8	1965	7052	5990	6087	4064	7978	3172	89629	2603	9652	162729	3570	80262	27432	8649	7903	27368	54416	303989	32693	76320	200751	69700	71767	41973	42585	142957	132373	72810	7637	52864	155056	110134	382468	173397	135458	20781	40398	28277	80913	77268	175057	164006	111207	9542	30533	73484	68400	94758	617	39860	372172	129061	33785	14251	48811	39381	76745	74225	83359	57417	220322	159190	178182	53715
Sg_A24_54	106	261	60	13575	19	457	207	63	54	199	159	96	1260	650	92	137	2911	72	158	16634	20319	174	205	768	232	294	278	958	1977	130	293	129	3901	117	116	227	32	1553	5825	334	493	541	314	818	3492	156	101	132	262	8	533	760	1167	8916	73	276	417	408	766	12402	17061	299	18246	30836	23092
Sg_A27_23	10263	902	19440	6198	14	6536	16551	2	1306	314	64	74	102	6545	518	13336	2650	21	223	7747	2791	4	47	555	1757	1139	18	8	5169	439	79	73	11	10	46	97	3	843	8	977	11	1360	1051	4	38	108	32	1	921	4	13	11	246	1459	90	2275	2	1382	415	342	538	14	5826	193	304
Sg_A27_31	248	1428	1083	834	841	1693	2954	720	632	8536	3909	394	36118	2163	500	536	48004	5198	3549	43460	105654	100486	56538	107717	22113	48297	2525	40991	7042	376	120854	83331	5382	4708	22176	48201	1806	6351	49585	58136	31387	34627	3846	63503	77258	4383	1264	3884	4146	1341	8407	11138	69653	3361	30665	52583	1473	13809	29111	103703	59916	109348	19501	5542	71581
Sg_A28_8	70837	35	65	51585	103	18873	454214	0	76	5	13	8	5175	15742	11	110115	30091	531	42	4715	2883	1	828	430	970	2955	2514	3	43821	40	7	26	1476	1	7	420	5	393	657	4334	2	3256	2695	0	7	17	12	0	1465	1	343	1	7593	4659	1463	4951	0	8282	891	1262	1203	0	23177	724	649
Sg_A33_4	118	6	7	1449	8865	2672	21	145932	169	74	960	18	3628	24	85	84	77	605	13	194	2317	42	553	9757	204	16	39	71	469	2	269	35	16	31	258	115	241	30	1004	109	1365	315	53962	106	1669	19	36	76	1439	4407	252	203	26	56972	11	1398	13408	33	19	54	5667	51	18	31	20
Sg_A34_19	2860	176086	1175	132	61	104	194	29	849	1016	328	1608	4182	27151	1352	443	174	129	685	414	501	268	1083	342	161	586	239	1357	1157	8	168	1488	964	3356	228	329	79	374	77	1311	542	239	454	26	448	413	30056	47	452	10576	1269	1909	136	85	90	1103	71	421	6999	663	643	212	1411	186	157
Sg_A34_5	7880	248	118	127	808	168	95047	12	716	164	16	403	7737	224	214	206	102	10	204	136	48	7	95	16	13	1111	34	43	6308	1	35	1	61	8	65	19	16812	75	15	52	50	34	481	69	83	30	109	38	23	13	395	54	65	24	32	110	10	401	72	22	44	13	112	66	33
Sg_A37_36	105	699	163311	260	30	94	107	4879	14266	191	3323	79	227	467	177	160	576	146	106	369	310	536	448	631	396	510	263	433	567	3	539	176	553	102	181	489	209	1180	4434	307	904	474	1111	728	732	86	643	535	413	15	1618	1646	475	1784	197	727	580	357	923	661	2928	8495	334	837	473
Sg_B03_29	29851	1600	34214	7764	10	5630	131	308	7204	4533	60	38	1191	10244	38	5049	9636	33	79	13209	1817	31	1309	831	407	66	55	65	94	11	652	39	401	7	6	212	0	94	1016	1101	5643	235	1028	17	3612	38	52	21	736	4	1349	23	132	1554	395	1849	13	54	8753	303	4025	36	13522	12589	8237
Sg_B03_38	148	2	4	4301	1	5263	3	25	2	4	6	2	32	14024	15	315	3262	14	3	157	255	0	20	1020	2	2039	2	42	18	0	2	15	3	0	227	1	2	4072	3082	8448	6	0	29	7	1715	723	2	62	1	1	233	3	5	11265	776	42706	273	17	15506	526	3145	2195	8717	678	80
Sg_B04_2	2165	1346	2329	6502	734	5266	3716	103	142	8012	61031	8178	23378	1276	2641	4451	13757	4682	48060	11481	34282	534	110315	19968	69513	52134	32886	51501	1462	153	30154	58742	35384	804	14724	123696	91	39429	181235	48204	244924	51157	28718	59926	48514	772	513	61400	16447	273	85236	26647	150308	8582	5379	39847	62100	84535	58795	84637	42572	109494	719	8435	24467
Sg_B07_12	460	3659	1998	9356	57	2801	258	3	5233	2332	331	548	56	1428	271	1247	267	14	3544	696	252	3	30	196	85	12	27	52	33	0	93	7	145	18	195	19	6	1160	256	294	49	5	37	43	3441	291	556	0	19	8	77	36	252	4602	46	406	3	9	617	25	37	106	268	184	233
Sg_B07_38	24	286	581	93	96	616	56	359	3152	143	293	30	291	446	99	418	161	422	154	155	192	193	146	206	102	267	1354	403	62	1013	123	198	123	135	71	246	550	264	268	433	247	203	215	126	399	553	781	380	259	322	544	420	273	165	129	154	80	184	367	166	124	196	66	339	1819
Sg_B07_50	226	55	58	434	4	65	42	33	139	26	19	0	17	113	2	49	303	9	16	68	58	64	79	21	43	80	12	38	33	15	84	5	44	11	19	71	0	47	41	143	24	56	38	53	165	33	50	6	34	5	31	49	42	204	44	101	19	28	84	35	37	15	54	73	530
Sg_B07_53	448	11931	1746	336	89	452	544	469	8299	28484	739	9944	2242	718	5892	2818	216	42	1397	608	991	13	24	115	62	22	807	374	252	1	3337	9	132	39	9754	25	4	1632	124	449	118	48	57	12	4078	7887	551	25	5	1665	83	2506	102	206	32	661	3	6	259	19	68	2785	1746	21291	126490
Sg_B07_62	9	104	373	23	10	30	45	202	29360	486	2660	402	36	543	604	734	27	3	177	101	180	6	7	26	23	8	62	25	12	0	7	4	4	1	197	6	2	174	89	35	25	25	9	10	220	35	1456	2	8	19	14	9	32	15	1	23	10	7	30	3	3	131	61	194	17
Sg_B08_36	61	1839	10658	207	503	377	413	101	7358	2160	10985	1803	242	21633	1433	67277	9891	38	32966	10270	653	524	372	2442	754	605	533	1314	159	7	397	399	591	155	2235	236	1	563	278	7635	405	598	213	575	1121	617	5615	554	460	87	725	64	246	477	300	3459	155	130	619	517	218	932	307	177	3783
Sg_B14_1	3	0	0	89	370	71021	17	334	6717	219	3248	29	3625	99	7	38	397	1959	15	21	30	18	189	17	74	111	32	1604	22	9	4	171	6	136	255	11	9	2	2762	1645	886	16	8323	8	25	46	97	26	393	46	509	2	34	53	22	6920	59	245	90	11	144	22	113	54	84
Sg_B14_13	1152	2400	4018	603	1068	384	3047	30	2677	2100	205	9533	2309	9173	180047	10669	279	209	15630	565	58	367	49	239	1092	179	39	103	808	0	89	8	34	79	290	68	52	734	505	215	1246	75	93	772	1368	853	554	17	231	420	55	682	197	114	13	653	190	32	795	22	108	979	312	188	863
Sg_B15_22	293	171	155	1287	11135	14	19	124	292	251	1954	122	271	1161	15	549	59	1830	152	1564	79	2648	892	3159	9787	1814	16235	253	464	38707	36144	2025	1498	1771	386	580	450	381	71	740	2095	4004	3750	7811	9392	184	142	1856	1372	22595	375	221	71	771	206	1407	28897	1069	893	190	224	247	526	1274	97
Sg_B15_23	413	14666	37124	1382	1579	2062	1544	1087	41286	74356	9968	15111	1570	3379	99357	40928	6779	130	35545	14915	930	95	79	1982	1929	217	809	1761	381	40	2954	320	188	150	1389	269	13	5558	1276	370	1266	81	205	398	12393	29491	9525	89	73	6698	159	407	1498	548	61	2689	1583	48	4373	65	597	3448	3373	964	1169
Sg_B15_25	127	787	125	314	1118	5641	1904	129	216	2157	558	107	1266	4490	992	2431	2999	174	8915	696	1676	3237	318	712	275	6310	653	17253	1989	737	1008	469	66289	405	488	744	616	778	1202	1203	1444	915	373	1122	577	420	239	1479	791	105	357	921	2828	1397	613	8100	501	1649	788	453	1874	1028	359	14894	1036
Sg_B15_35	27	112	34	95	246	287	1955	75	250	31	3564	71	794	946	726	62	183	15169	2491	215	479	3213	496	952	340	464	29964	308	452	21	146	242	814	1440	618	1302	1181	302	136	246	875	680	17732	886	224	621	53	15856	7796	1104	786	1989	366	247	191	180	510	842	443	3896	2652	2587	381	1141	188
Sg_B15_52	6	80	442	35	196	120	7	1419	59	85	4558	132	486	70	143	911	40	723	6241	1749	27	393	26	38	79	312	19594	59	31	452	4768	1445	50	981	307	82	451	166	95	2671	815	511	2129	10509	29	15045	298	3922	7404	23994	690	12174	219	32	1425	42	1408	135	10	40	82	1201	24	52	54
Sg_B19_17	24	88	163	9720	7	2222	207	939	39	166	180	59	99	225	41	68	3976	45	37	24060	6245	268	1078	6809	82	403	175	178	68	4	108	71	204	309	146	146	22	590	55	153	116	127	10800	110	170	731	123	91	135	140	161	261	248	234	39	14992	101	151	182	2967	5514	470	59402	3109	3410
Sg_B19_30	3127	51348	435	2026	79	1425	4004	13025	98	42154	253	367	1378	1715	2878	10106	134568	927	30050	664	31233	677	626	16098	3224	34388	114934	77642	8709	114	55385	397	10327	510	330	32225	179	509	436	33792	1766	542	523	508	4007	274	292	3583	472	335	13672	45739	86239	27132	228	8515	55597	132141	42696	515	40866	572	1896	112499	34977
Sg_B19_40	8134	160	1962	1573	27	313	93	113	2	1	1404	63	701	968	64	76	1683	109	338	233	1125	42	2502	4097	3789	1696	1994	1628	3279	8	17	4267	472	0	7734	452	1	1204	7276	2969	1520	3565	4106	4	1398	471	34	83	966	8	969	0	620	1818	725	775	8094	2273	472	1139	1293	302	1785	8	483
Sg_B19_58	5823	170	220	235	5	142	26	1164	92	72	29	14	60	188	15	92	183	19	54	3721	56	19	59	38	31	60	33	38	70	1	31	36	2139	6	42	61	1	45	45	160	100	48	85	13	196	134	48	36	72	16	40	15	81	17547	29	3121	12	56	233	3611	14439	44	7825	3179	8598
Sg_B23_42	2319	879	539	3135	1776	3560	10034	144	717	1041	457	6038	1472	3646	1632	249	1084	223	402	477	346	295	929	740	496	1054	459	883	2081	208	580	373	614	201	360	384	41	902	333	361	816	622	320	211	955	710	213	890	478	129	962	1361	4074	1179	1399	1318	287	694	413	542	845	613	402	6712	1512
Sg_B25_10	85	78	990	53	207	66	1525	127	508	35	475	1251	426	243	2378	208	149	181	465	226	271	636	355	281	236	185	625	889	213	82	699	539	485	438	263	676	650	258	211	241	497	710	814	223	174	401	188	427	627	355	7034	75	281	1332	609	338	270	356	368	345	430	297	194	451	149
Sg_B25_38	293	1255	433	517	22271	1597	125	1340	323	64	328	376	305	329	284	364	61	4759	183	139	678	3	102	23	367	456	776	83	257	4065	726	4	96	765	151	1075	10277	65	477	139	488	33	821	69	212	21	2293	179	44	231	6	19	30	371	105	220	580	301	314	266	559	75	1350	48	88
Sg_B26_35	5253	241	42	3568	9	8209	13	14	5	25	78	3	107	1054	5	13	1101	15	33	180	83	26	3019	106	2839	71	5	17	13562	1	71	16	185	20	39	3141	6	41	2133	211	65	171	5106	20	67	21	13	50	90	5	88	44	66	13747	12	1403	6	16	966	60	191	24	2400	149	3876
Sg_B26_38	349	752	2417	778	46	737	11275	139	218	1095	1360	423	1316	919	5844	348	1498	991	521	4653	2449	614	464	1472	611	1415	6692	836	522	87	1191	929	516	469	626	1070	62	443	231	1861	1173	1280	448	312	426	468	431	808	529	124	801	726	7465	2751	184	2691	369	2237	825	751	3550	581	2770	1525	1341
Sg_B26_4	402	229	309	5715	21	645	135	43	199	107	99	30	88	321	15	59	208	38	67	535	204	144	370	102	315	244	128	155	125	14	65	72	224	82	79	126	33	211	202	428	291	184	125	103	281	151	104	186	76	7	88	150	167	692	57	184	116	141	343	160	602	241	131	230	383
Sg_B27_18	108	578	179	552	60957	2239	337	459	4273	370	585	216	2040	399	126	312	2001	8424	611	618	509	695	863	801	1100	896	706	1935	405	1417	932	620	551	724	508	2824	190	354	1920	1397	550	924	2821	553	478	1962	3260	623	809	1092	1324	324	458	735	635	5064	479	925	577	1137	886	422	695	684	1502
Sg_B27_6	13	46	12	221	24185	1172	328	2095	2051	1230	8012	3221	471	126	436	905	1808	20988	239	638	231	509	480	295	580	1923	825	1666	58	7	3278	402	233	283	971	328	87	132	5451	482	626	431	12231	194	122	628	357	200	594	7738	3177	135	979	382	65	18435	462	334	3215	1158	1390	208	374	759	157
Sg_C02_30	9283	1793	71	28611	314	1188	1278	14	57	15361	88	61	1273	24628	101	1538	1300	375	30	5481	2946	19	3221	723	2485	20308	38	2297	10705	1393	231	946	21179	4	151	1768	0	2640	1306	1117	2576	1051	560	48	2965	1094	2722	83	183	317	344	13	1348	2392	7177	546	26	1621	1000	1453	695	1082	23486	1575	1059
Sg_C03_36	625	593	43	1506	9041	1047	51	488	2080	140	101	127	253	380	128	240	221	9330	104	139	512	10	174	38	162	336	32992	61	190	1209	10115	35	157	41	66	7113	626	119	172	157	4958	45	6774	111	80	169	455	337	77	150	92	9	117	465	79	302	495	54058	909	779	136	52	3615	70	90
Sg_C04_25	257	934	301	838	82	1738	206	160	67	2200	328	80	4232	3864	1160	99	5401	1542	127	3679	773	554	2677	10804	946	567	305	1824	512	45	304	3552	2733	679	530	1038	80	4440	398	5370	6390	3423	528	679	308	4969	136	287	827	191	1326	561	7785	8588	192	397	301	470	1924	2446	10416	387	3074	441	4384
Sg_C04_33	15175	416	692	7906	13	1518	313	100	13288	187	166	15	280	4731	58	11297	2584	32	137	420	216	15	297	326	159	307	38	49	126	2	111	30	110	12	37	80	3	195	72	105	120	475	73	109	1191	315	94	135	385	7	190	28	235	29596	30	4814	1099	98	330	196	289	118	146	526	5855
Sg_C14_34	34223	14183	33	12890	3960	696	747	52	15	307	18199	16	8686	120	9	1107	18806	1574	44	13179	26359	7005	94208	1990	6232	614	40	20493	4943	11	24740	131	585	43	123	19136	2	81694	1114	12035	893	12120	49	90	43461	276	9506	69	28154	176	52452	146	430	6878	16518	18796	11489	22769	26870	12436	14497	86	2806	128	1562
Sg_CA11_3	30680	4343	544	37835	869	3882	759	233	676	33981	1072	369	13907	12939	578	4537	9783	1214	353	4527	7452	224	13010	12124	6065	11528	296	1345	66726	438	778	28620	24148	315	921	24635	78	14706	3163	16169	53760	7759	20608	808	30723	4616	2156	649	17389	62510	48946	289	7514	8240	6334	43085	2771	113651	14351	98199	5514	727	22534	1337	2541
Sg_CA11_45	37	8793	7446	1837	13	866	37	70	70	30	301	11	868	28188	28	26	4223	39	38	4634	7925	47	17001	112	121	72	85	1264	81	4	73321	300	9447	34	15380	112	193	83910	1627	44	44863	74	958	104	75705	44	30	53014	36438	15	43063	50	104	2341	1709	67838	59822	100	158217	14535	257	2898	86	95	3074
Sg_CA11_52	450	447	1048	428	983	98	285	158	656	1107	14409	366	4862	2218	151	3404	410	22364	574	18854	4286	25826	10433	31821	84124	18757	146871	1366	7717	4215	176875	7126	79762	21228	10911	12158	172	17196	637	10822	18849	36463	2647	53280	38805	2235	659	1042	39184	12622	1664	1902	1398	3135	1066	7248	77624	9776	23788	11171	5974	8525	3599	6974	84
Sg_CA13_9	1696	533	39	1436	1992	970	94	111	63	350	385	40	632	859	50	247	2620	480	118	471	2071	831	1557	1252	335	6384	58	1545	4431	16	480	917	1668	111	886	13236	5	1276	2806	5356	1331	2186	316	1336	874	377	342	65	395	392	1453	47	4037	2025	25362	1176	1439	1264	2075	5366	613	1255	752	1380	1555
Sg_CA25_14	4412	329	93	945	10	247	28	23	49	32	468	10	147	180	11	28	259	29	40	1000	144	154	221	188	171	214	133	151	150	4	98	60	161	57	100	165	25	131	99	726	200	218	216	132	251	67	88	150	1000	13	209	284	185	9465	65	611	66	163	159	57	145	260	90	404	10694
Sg_CA25_21	94	3117	2174	99	33	443	557	440	17614	3355	963	1477	286	9578	3381	2232	232	34	2801	555	204	15	189	443	99	10	41	173	379	2	272	47	15	24	945	60	87	2516	3916	253	576	47	968	10	5270	1605	4906	329	23	428	370	72	142	435	55	444	2	112	1374	27	39	9058	816	84	787
Sg_CA40A_55	29	12	34	2133	5	1663	6	1	14	11	25	1	16	26	2	19	1585	7	7	51	20	22	29	63	33	44	9	5	61	6	6	10	66	0	53	194	0	28	25	41	7	18	24	4	137	65	60	5	5	0	54	3	22	306	10	242	2	9	31	17	280	12	21	18	627
Sg_CA9_20	962	2657	879	2022	793	9506	966	676	10103	2481	24324	2212	35559	26235	3656	566	10234	2263	69997	6164	7764	12843	10730	19952	25500	11417	5435	14957	89354	1408	16435	7254	70890	73418	4152	10578	1814	104985	7288	15613	13635	61823	51449	8899	7275	42692	1895	7551	16555	3527	111752	116441	7359	37635	4865	26912	3313	54642	7606	16058	8380	10431	37569	100545	8816
Sg_CA9_31	21	3464	12	66	266	29	2	57	5852	3	8791	42	441	8416	8	2809	4535	12	39	25	483	92	2803	8703	503	4351	28	3	155	1	57	2594	18	391	7	991	7	3432	3141	15627	25	34	62	2	9340	54	46	4521	11346	4	2335	28	5021	60	1156	56	13	2062	6313	30	22	43	49	76	58
Sg_CB03_1	14	1449	1684	221	0	176	0	478	2509	0	2148	46	1051	546	3	1547	7	29	5	565	1067	70	1736	2578	389	978	425	1583	192	1	22	2406	234	1461	123	510	56	3173	1244	2802	240	1940	4334	2	1	11	1678	7668	712	194	50	1	7	84	202	464	1149	4	2413	385	393	298	1271	723	131
Sg_CB03_2	27	222	470	168	17	496	55	2174	1613	70	649	15	301	359	56	3015	143	49	71	1424	472	225	172	217	226	1050	540	177	448	100	139	183	544	679	441	236	34	323	255	997	241	180	529	110	114	390	397	255	256	65	605	242	284	159	76	1006	367	190	145	227	116	108	237	177	359
Sg_CB03_44	2	0	4	59	5	60	1	6	15	1	24	1	12	146	1	3	19	608	2	385	5	15	206	10	24	32	11	4	31	632	1867	3	3	4	5	1104	1953	3	15	4	1300	42	87	1521	23	11	42	2	10	186	13	2	2	1357	7740	176	3079	4	17	0	1192	14	16	6	3
Sg_CB03_47	7014	2207	2194	1673	111	1043	236	818	341	348	2375	157	841	1166	212	376	1847	795	782	814	1205	562	3615	5558	3603	2131	1745	1313	2293	449	421	2586	1115	757	8072	1130	884	1743	4896	2218	2124	3183	3221	586	1532	1088	659	892	2383	519	1688	1070	1586	1308	1010	1373	5857	2075	1366	2285	1802	908	2158	1039	949
Sg_CD22A_27	5	7	6	18	0	21	7	23	47	4	29	1	5	28	6	2	166	6	3	65	23	11	145	28	15	18	40	54	16	0	237	16	31	1	8	25	1	341	24	13	16	26	10	113	22	308	17	74	41	3	104	32	4	52	5	63	18	29	76	8	6	34	40	29	34
Sg_CD22A_44	977	194	108	1234	236	1330	110	290	670	25	1816	34	347	371	52	491	13698	136	29	253	189	130	193	121	77	3407	389	231	78	577	70	318	146	70	239	348	98	122	633	197	249	282	132	72	26776	12	551	94	118	141	222	111	158	1561	67	349	204	242	676	276	158	461	133	12963	496
Sg_CD23A_20	499	3450	3101	2440	214	1214	1283	735	1396	1850	2829	461	2221	3194	1166	2049	2546	1040	2965	2838	2950	5002	3658	3475	3065	3944	3721	4495	3337	250	2723	2806	5098	3479	3903	2919	2393	3498	2112	3282	3629	3297	2160	3732	2413	4588	1797	3830	3964	985	3235	5759	4383	2224	1226	2366	2307	3043	4279	4354	2394	3300	2468	3957	2847
Sg_CD23A_32	1825	15809	15572	1882	1142	450	110	1012	4802	8523	1298	1178	6716	5312	8879	2842	439	302	17337	497	706	143	521	949	766	1003	1494	972	697	419	99	522	144	461	13327	6103	79	892	1372	681	630	595	1132	170	1026	378	1415	1456	1085	315	707	239	808	314	169	572	2195	530	230	445	581	1109	2846	3653	1920
Sg_CD24A_1	141	595	455	1170	89	5629	898	342	174	590	787	452	1388	68066	207	4260	1659	167	885	68432	989	1135	643	1261	559	978	1296	1617	1848	67	965	1245	834	674	783	1773	89	12888	420	1013	757	1128	715	1339	833	2296	840	1508	820	32	1345	801	1244	2379	930	1012	445	8301	50911	1079	17086	804	721	2264	1913
Sg_CD24A_10	84	735	755	86	56	683	146	4	2514	3250	232	1152	1939	835	2175	605	171	76	1847	3837	79	10	77	5503	73	3	11	60	187	2	46	25	14	10	538	113	35	88	160	626	73	67	22	57	741	340	357	38	97	82	148	52	53	30	25	223	3	27	1531	71	131	63	85	107	170
Sg_CD25A_53	450	110	83	10179	24	3288	563	2	73	9	4	52	5	100	11	696	195	0	96	235	16	0	4	6	10	13	1	2	268	0	3	2	0	3	7	3	0	16	9	52	4	89	12	0	42	8	3	0	10	0	1	2	6	14029	2	177	0	20	48	30	19	4	448	15	28
Sg_CD26A_19	233	2615	806	1092	140	1311	270	71	7779	278	16	1910	235	4881	1157	4637	1148	16	7403	2422	865	1	886	114	52	2	8	20	96	0	8	59	77	3	124	22	6	2511	320	223	546	345	415	10	61	118	545	3	91	29	931	30	540	1075	1	448	0	26	1112	14	360	244	662	167	992
Sg_CD27A_46	31	194	93	62	15	103	19	76	51	10	90	22	81	90	13	38	250	62	47	178	112	145	87	42	34	88	93	94	72	23	253	68	128	39	52	287	27	83	67	41	76	196	247	66	117	71	46	229	121	103	299	67	23	120	25	74	79	150	208	346	332	190	78	550	48
Sg_CD28A_40	212	104	87	375	4	107	8	19578	687	57	50	5	37	2589	5	24	414	6	11	274	634	78	428	36	69	30	72	76	165	3	50	50	73	20	22	50	32	503	74	982	61	63	100	39	43	92	29	25	100	0	42	46	65	81	6	459	35	23	22	40	22	54	43	1770	142
Sg_CD30A_34	107	1732	5832	215	125	236	270	681	4682	5430	2591	4612	136	5795	2298	11895	367	63	6979	2191	167	11	16	411	122	61	199	180	27	5	184	40	15	44	747	75	14	438	81	2824	331	31	55	19	4202	2981	1431	18	9	120	41	13	228	218	4	660	27	3	242	7	65	193	325	101	1252
Sg_CE19A_15	465	7424	18171	3932	10870	1180	512	2	75857	337	36	8485	2366	6278	208	6455	384	282	3840	3456	37	126	192	1183	7007	401	24	156	391	0	26	51	391	377	6344	377	41	31547	2237	4438	1102	154	381	2	249	197	120	156	84	967	360	19	2355	660	93	690	5	99	1432	99	210	1591	9743	1203	748
Sg_CE19A_24	2033	4822	17805	348	404	221	356	147	3411	1209	4219	1120	399	736	7559	7388	357	196	8495	614	166	171	194	157	219	310	1335	337	137	14	307	1206	202	351	227	163	23	1096	202	338	1895	110	341	1915	847	7494	2080	223	440	43	277	397	1637	249	137	646	247	306	273	270	782	631	1767	294	2219
Sg_CE19A_29	20	269	286	189	86	833	21	10	11184	429	2541	145	90	2489	104	512	823	11	3479	532	334	3	121	48	16	110	207	6	50	1	5	36	2	7	38	9	0	1336	37	92	364	6	21	0	6133	10	913	28	12	5	52	3	98	298	130	83	58	5	497	11	34	306	524	337	422
Sg_CE19A_36	405	3961	930	907	324	953	1099	1406	3366	3025	4014	811	1737	2107	1862	1087	1157	738	2826	2825	1943	2462	2710	2533	1635	2734	2498	2098	1759	685	1948	1431	3082	1832	2186	3423	678	2676	1902	1723	2619	2108	2052	3429	2242	10642	3052	2617	3615	2046	2204	2908	3113	986	1080	1760	1617	1611	2775	2526	1353	3689	2384	2850	2194
Sg_CG50A_22	218	967	1531	1311	45	366	223	422	305	251	529	95	443	1313	190	341	619	200	261	953	506	224	628	391	438	853	402	228	632	30	300	317	523	268	341	416	100	658	436	680	1878	622	376	253	4062	1189	558	359	579	161	510	274	681	738	285	620	317	669	550	693	257	515	688	670	618
Sg_CG50A_49	4850	700	55	26020	23	4854	8194	0	185	175	20	141	337	883	517	3316	31408	46	98	48034	615	2	82	584	185	266	124	1	2409	1	58	31	173	15	9	74	23	52	39	6463	6	1377	68	0	28	5	41	1	46	3	11	8	449	7118	66	647	2	191	155	119	177	5	4202	53	1006
Sg_CG50A_74	4017	830	64	1303	17991	3048	19	2990	232	201	850	642	580	342	436	588	85	7133	111	131	204	3	53	7	58	308	1404	10	58	4709	157	6	46	7	209	3500	4120	4	325	219	768	43	1510	225	10	23	3234	483	156	308	3	1	6	370	155	69	248	1215	999	955	1092	104	3871	8	234
Sg_CK05A_18	465	1709	30810	1604	1586	2201	2202	500	43325	34602	15337	9835	1654	3229	15390	5599	393	107	78182	11191	890	91	52	245	1199	224	1651	253	645	1	859	41	218	446	7627	509	228	9760	1414	2524	571	466	422	134	4423	6353	2040	130	301	1613	258	122	700	555	42	2416	132	134	1363	102	146	387	3607	450	483
Sg_CK05A_21	66	772	1012	5472	19	621	116	988	334	77	3274	60	706	254	53	202	271	63	189	7096	247	251	154	580	237	270	448	95	616	8	1100	2666	1177	187	571	863	34	996	434	492	1012	373	2257	863	2799	919	472	988	955	796	366	118	440	167	113	313	101	862	3010	762	172	596	218	1284	7398
Sg_CK05A_46	1480	1006	1427	767	17	465	117	517	1223	304	232	163	195	547	966	407	587	92	411	513	305	194	324	194	204	307	150	206	461	13	254	112	445	137	122	285	34	377	231	251	319	428	206	450	1757	256	215	290	412	72	234	332	425	1604	65	517	241	180	1372	349	558	280	469	486	1165
Sg_CK05A_56	105	1162	1427	1209	266	1615	1213	101	1685	3054	394	1280	366	980	689	607	691	97	4564	1566	1038	372	559	573	1045	266	327	757	5606	223	847	395	1178	225	189	314	305	1270	216	1005	437	362	1882	586	3207	213	1167	390	1765	1057	441	578	1633	826	2176	1484	508	2431	1079	413	760	1203	2856	549	711
Sg_CK28A_36	3	170	349	15	3	12	28	113	28108	1502	152	43	25	580	26	103	42	9	461	76	41	60	45	74	31	55	459	102	89	20	250	144	65	86	48	37	1	152	29	165	195	52	152	57	3212	9483	3113	1473	162	25	55	341	651	59	48	81	45	403	90	88	54	1445	116	64	65
Sg_CK28A_47	1236	5170	1	104	0	1889	2958	2	1	80	9	5	0	1106	2	0	14	2	2	0	1	0	7	18	29	19	146	1	32	0	0	3	0	1	3	9	59	1	11	68	36	988	140	1	12	1	0	1	6	0	2	0	1304	69	13	5	9	70	6	21	243	5	826	3	99
Sg_CK51A_47	1099	7038	3778	1067	127	1546	3450	469	3308	3094	2201	2797	2115	1985	3009	2716	1643	755	2088	2061	889	1227	715	1309	588	1483	1493	1490	1452	100	2609	952	937	886	608	2745	62	986	417	1434	1216	1573	968	1471	1985	1287	588	2558	2789	292	1135	6245	5385	1257	229	1900	511	2245	1361	1011	1142	1993	2031	1703	1055
Sg_CK52A_43	1530	49	778	356	4	92	6	185	47	35	20	7	38	250	19	51	9077	11	19	198	147	36	1129	126	26	66	47	12	61	4	34	52	12	8	29	85	3	4238	39	450	55	136	44	13	132	50	55	69	14	5	31	22	80	417	46	808	26	48	701	59	199	82	62	498	1954
Sg_CK52A_74	67	820	1993	624	39	143	131	3851	1485	3492	3692	1277	212	255	782	1338	53	20	1310	175	122	43	118	28	88	72	66	64	14	14	151	12	66	29	599	37	0	178	125	79	45	47	38	59	2264	838	2041	41	241	11160	41	181	127	44	4	852	52	22	91	32	37	221	7978	937	6642
Sg_CM17_16	6286	34	21	3240	84	2086	17163	0	9	71	7	12	467	1607	16	11740	2614	41	7	652	285	0	135	45	290	285	213	2	3715	4	0	4	133	1	5	109	0	59	52	770	1	359	1901	0	45	7	16	0	25	2	16	0	873	422	269	591	7	407	287	151	158	1	2978	81	113
Sg_CM17_58	110	51	37	3907	7	1344	13	8	18	10	42	5	51	8942	13	42	266	6	26	3058	100	40	37	29	48	62	53	45	57	0	36	38	24	26	49	59	2	34	61	65	17	132	241	120	44	35	24	46	44	19	43	30	86	850	30	88	9	10	60	31	24	66	53	81	167
Sg_CM17_7	1481	792	4733	4188	37	546	165	161	369	231	122	86	400	556	135	1193	1882	821	137	1039	415	142	265	288	220	312	182	158	138	10	145	106	279	20	44	471	4	650	179	1917	380	478	216	138	3009	100	491	472	95	52	397	80	647	2157	529	1248	137	218	817	254	491	89	739	926	3483
Sg_CM21_15	154	2743	3473	17	42	66	193	90	4006	2412	88	5307	267	292	2325	792	24	56	151	300	68	0	2	9	193	50	168	40	98	0	31	1	24	3	246	10	83	141	122	36	53	2	6	6	33	66	164	2	15	224	11	43	17	270	0	414	614	183	19	3	7	75	168	65	29
Sg_CM21_57	47	1753	12026	433	220	309	437	16	9476	28248	1679	10136	187	8355	230811	40808	1475	32	44297	3983	1595	70	66	129	1416	364	629	177	265	161	12090	30	136	143	456	35	13	2101	323	389	885	30	61	170	15221	26868	7845	148	110	2443	21	489	2403	1052	49	1592	68	13	461	20	190	1185	4467	262	1262
Sg_CM29A_16	903	473	474	1305	5	3483	80	95	6071	103	36	4	57	445	11	113	3757	17	64	1249	245	45	295	130	111	28	61	47	46	5	33	21	117	88	35	100	2	66	82	297	220	96	41	27	636	78	79	113	191	3	108	116	66	252	36	668	36	26	3722	212	266	22	320	346	3270
Sg_CM30A_3	2112	10071	15364	4672	370	1203	79636	1530	1586	7148	8520	1703	6774	5427	34537	2339	6153	5780	2704	29582	17060	5910	3982	7431	4459	7464	39325	9173	2990	342	7978	6810	5652	2511	4450	7613	1411	3444	2524	11954	9581	4177	3198	5060	2441	3548	1788	6583	6407	1420	5803	6983	31760	3313	1648	16638	5088	12039	5064	5203	4926	4244	13866	9967	6482
Sg_CM31A_43	121	118	325	96	401	20	75	61	411	343	3216	85	1156	1856	189	753	116	4786	918	4132	928	6275	3109	6747	17571	4978	29080	329	1583	1148	58571	2407	16131	4715	3589	2996	47	5614	305	2517	4643	7652	3848	11853	7883	503	208	356	8584	3610	696	647	398	996	233	1602	15734	2842	5689	4644	1445	1778	805	1896	36
Sg_CM31A_52	789	1303	115	1052	4588	5181	52	7513	297	53	1625	307	1543	584	836	1348	149	6256	215	89	290	22	135	23	164	423	386	25	339	6893	265	32	50	370	341	1808	5572	137	460	352	761	135	807	419	92	47	4150	667	73	893	72	4	12	444	287	237	321	720	256	364	1020	136	627	53	110
Sg_CM32A_26	3633	5181	3562	2076	306	1132	349	928	480	454	1191	156	737	1723	255	769	1103	603	892	1180	871	671	1429	1183	1017	1579	1199	562	1024	264	756	751	1275	1019	1051	651	389	2122	1613	1162	1976	767	930	496	3535	1773	486	889	2291	395	1224	1036	2302	980	361	1203	2282	1329	2380	1411	914	1433	1074	2068	6351
Sg_CM32A_49	495	1378	321	695	650	2366	575	3257	1460	508	1374	403	4405	920	584	804	1453	2416	1077	800	1662	2560	2808	1583	6821	1813	1278	3268	6181	3896	1766	949	3295	1829	1366	4553	3150	1377	1002	3390	1559	9763	9344	1737	1054	1789	3152	2520	1306	1435	2745	2528	1651	6613	2995	661	883	27392	4350	2277	2478	1384	4425	1335	6051
Sg_CM33A_39	9	0	0	7	0	9	3	1	349	5	85	12	3	145	12	2	5	0	0	13	2	0	8	0	3	3	1	39	18	2	11	0	0	0	3	25	1	5	3	16	2	2	3	0	0	53	2	4	1	0	17	1	0	57	1	24	9	1	2	1	2	0	0	2	7
Sg_CM33A_60	1661	656	2391	557	4	482	34	332	316	216	39	6	141	644	8	196	765	16	44	653	150	49	82	688	87	118	14	37	45	8	57	27	86	22	64	119	7	89	130	136	258	82	123	135	319	109	80	54	70	3	109	48	112	1766	45	582	25	52	2184	58	510	36	674	899	1089
Sg_CM33A_9	2164	7655	7104	4005	411	2469	1813	1261	1701	2013	4038	628	2600	4417	994	1513	2405	1235	2196	3647	3701	3754	5916	3831	2867	6060	4027	4005	3769	992	3520	2682	8257	3265	4940	2974	1890	5748	3836	3457	6075	3325	1922	2890	5148	6001	1988	5318	5822	1720	5428	5664	8770	5954	1687	3728	4107	4591	9909	6735	3664	4031	2725	5067	3462
Sg_CM35A_15	614	1241	1048	12363	9	223	51	284	196	145	93	7	111	7789	8	63	382	38	54	1560	336	151	218	211	155	149	209	163	212	9	122	53	293	44	236	191	84	263	119	607	225	502	1239	35	938	146	113	125	273	12	163	69	104	944	157	417	160	147	823	185	386	149	194	482	830
Sg_D02_31	57	11044	151	7002	24	2598	2736	179	33	1511	22374	150	1681	3552	5112	2001	3594	57	190	2576	7583	241	375	1389	157	441	333	788	546	18	590	568	297	208	153	148	33	1779	210	4950	1561	977	885	256	276	116	37	201	377	36	264	197	3992	2680	38	1285	320	420	300	242	1436	1959	2583	490	2092
Sg_D02_32	38	1126	240	233	185	263	108	1685	166	338	32580	161	2150	886	249	220	363	243	866	498	1772	2179	1223	1899	900	1128	2663	5102	814	52	698	1241	2735	2500	1617	932	281	2430	822	922	1785	1828	1396	2919	697	2368	366	3461	1236	1620	2177	3108	1815	437	178	737	1020	1465	3509	1031	1800	2624	983	2216	699
Sg_D02_44	627	3417	108092	24846	6	236	16881	12	144	102	43016	9	2046	445	9	89	3060	21	125	436	4704	62	185	1022	904	13044	64	99	65	9	87	135	451	42	61	76	9	13439	7163	358	140	102	490	78	575	57	30	13530	110	25	126	91	123	4046	2039	7060	56	66	759	86	1112	4043	96	5195	11962
Sg_D02_9	461	470	136	4875	1824	1713	1597	63	658	1365	9826	652	11480	3494	173	822	8721	476	6539	6110	1842	4207	11213	38484	12877	12973	15790	2084	345	491	391	19732	9271	890	262	11347	309	6861	6253	16013	11546	23607	7972	1127	5690	166	5090	3196	1901	601	6333	837	5055	9234	287	4168	15854	9908	12399	13607	10711	4807	14909	9848	8811
Sg_D03_75	154	695	692	434	34	14475	411	214	276	153	403	138	429	939	145	138	7102	131	326	860	592	1674	970	501	384	581	840	1633	498	43	1118	256	683	583	542	794	184	1188	363	629	850	10539	574	1156	670	836	153	677	1112	109	1157	1176	1082	516	161	1461	609	628	999	657	565	885	657	1034	513
Sg_D03_78	9723	7092	471	4281	520	1385	425	122	705	1103	625	275	2544	1862	1117	570	3311	422	990	1922	1171	111	1492	775	1761	6139	595	515	4620	72	211	1026	5114	59	4538	1924	127	1684	1240	1588	2481	1285	1074	552	3135	15442	2859	1246	595	1532	1948	112	2100	1793	961	2546	320	4023	3227	2885	735	478	2796	1192	1128
Sg_D09_14	3653	2838	464	2046	22069	4001	246	7599	750	711	1265	733	1383	1133	1160	1654	506	11175	207	446	1894	139	602	219	858	1290	1560	242	905	11017	1558	691	846	1596	781	3242	6406	446	1480	684	1761	280	1879	823	486	358	6076	772	348	1233	251	212	407	1099	453	510	1176	1597	700	922	1521	896	3035	313	380
Sg_D10_17	396	18882	17390	963	689	1730	1966	456	97224	184956	21936	159273	765	4111	42050	103420	16153	248	85818	32877	1650	93	77	3663	3000	107	1472	1616	352	57	6634	250	136	248	1314	750	1	10144	579	628	1968	59	86	1045	41802	25288	6322	37	121	16162	84	780	1618	963	80	5667	385	31	2243	126	799	2198	2012	1204	1352
Sg_D18_45	212	1777	690	162	36	1549	680	28	648	1710	135	1333	44806	25023	1047	2259	10897	4905	69608	134	12731	150555	13427	27757	4708	10654	210	8562	17324	2229	73791	10603	671	34950	10817	20314	1784	16866	5632	24931	7390	20028	12002	60254	20596	101	55	76499	1061	46	59594	13798	15194	758	51	7561	8793	4600	2512	37102	11062	10567	999	11855	23616
Sg_E04_12	15	531	271	48	89	41	907	1084	1212	321	1808	422	1320	495	573	468	267	616	810	558	4267	11071	4903	241	544	948	1312	829	1082	50	403	1388	1254	5725	2406	3969	150	2225	139	505	627	4813	5092	1849	227	569	92	5647	1248	8782	6264	6507	1709	73	674	1604	296	612	2074	3709	2022	1887	189	731	162
Sg_E06_10	480	648	2092	556	8	304	58	245	205	219	110	31	90	577	109	148	531	86	99	626	295	69	98	1227	218	169	48	94	196	8	127	125	164	4	53	314	11	362	88	354	356	202	107	135	1101	120	82	70	115	90	1005	31	198	462	136	529	174	370	442	323	408	137	253	863	1851
Sg_E06_24	8584	570	2658	1623	363	348	92	257	116	49	1288	82	638	302	117	96	1838	312	845	620	1270	56	2647	4398	5505	1905	2107	1442	3382	30	44	3215	878	23	5715	478	49	3369	8086	3140	2562	3438	4900	304	1794	704	143	79	1566	135	1734	169	768	1310	784	1237	8352	2565	800	1218	1820	356	2267	133	698
Sg_E10_50	4089	5314	11718	4920	1293	4377	2135	3163	4717	3762	25240	1562	41241	17834	2338	1864	13698	4284	7225	6835	33685	111048	28770	122482	61849	17922	9141	23977	83003	2520	21759	9048	34448	18194	45227	97642	4587	117015	7897	37239	25751	82799	9568	14618	15376	8472	11262	23139	22048	3224	33023	18392	62505	24895	77851	36011	10071	19441	22980	110233	18832	21807	25114	14837	48134
Sg_EA47_17	20842	2542	5117	6695	563142	10375	390	11057	15250	404	3281	2357	4393	1925	5077	627	49	161303	356	1420	75022	9	39	48	19534	1722	18080	3238	7729	6977	36844	1	3293	45921	185	9223	14013	3	3867	1431	1322	66	9506	502	30	46	789	255	108	1783	149	179	1033	4504	131	956	3385	652	10445	5161	2413	1413	59479	16	2497
Sg_EA47_9	153	1867	254	95	401	281	169	68	380	243	169	29	3177	690	197	38	1955	1241	137	1579	2706	5856	7044	18419	6894	11840	152	1214	10426	24	342	1726	1906	9035	2539	20178	1183	2384	1957	1679	95	15109	39847	126	1512	305	1283	2662	195	123	467	451	4684	373	148	1399	189	863	1303	3240	975	2748	663	1694	994
Sg_EA57_9	14	16	28	179	1807	12	11	21	201	82	987	50	407	259	71	119	70	873	229	612	118	4256	782	1640	5192	954	5248	347	268	556	9528	352	3167	1969	847	1817	213	421	100	581	775	1068	617	1848	1081	119	124	156	1847	4934	988	660	237	5115	470	267	3396	585	742	419	778	620	239	497	472
Sg_EA61_27	7673	371	2066	1311	57	347	142	149	20	17	1502	75	557	535	83	126	2540	119	365	368	1189	116	2775	5106	4384	2154	1760	1491	2865	9	93	3421	905	128	9997	891	58	1643	6797	2858	2930	3314	6481	314	2436	374	72	218	1092	79	1122	218	580	1395	959	1182	7604	2733	539	1324	1790	793	2059	199	577
Sg_EB03_22	1904	10	2	258	405	2425	1085	7	28	9	25	3	44	25	9	11	4864	9	19	29	41	80	18514	105	13087	65	17	19865	5535	24	191	105	2327	162	51	22412	62	53	25	22109	49	84834	8862	69	49	8	79	230	256	5	78	103	67	4109	3367	35	35	616	7395	45	11856	25	11400	74	37352
Sg_EB08_12	5	1	1	187	48	55	470	398	31	12	45	0	74	16	3956	18	23	86	1	41	31	80	52	119	742	138	383	42	368	4	450	80	724	71	56	155	420	93	15	147	57	224	282	145	113	20	10	16	69	34	2168	14	6	4860	94	43	469	688	76	85	69	38	146	31	28
Sg_EB09_7	10173	2168	528	5814	558847	8484	74	8218	1492	111	998	839	1054	480	3663	406	22	20760	359	987	3242	3	103	8	986	637	3317	224	514	5176	4561	4	460	2424	482	8958	348451	4	1045	947	1156	55	1442	480	18	11	3341	269	36	488	17	14	65	1135	396	147	1284	500	801	725	532	135	7274	10	236
Sg_EB10_11	6836	192	1600	1968	140	259	127	409	1	0	1090	77	736	205	93	89	1370	121	1005	1051	1065	15	2284	2763	3328	1809	1770	1171	2745	5	0	2532	523	1	5317	306	2	6291	5451	2806	1538	2370	4140	1	1338	737	34	5	674	48	3618	0	782	883	579	783	7737	3357	837	926	1250	257	1600	24	854
Sg_EB13_4	2996	28690	16276	2126	1111	1957	10094	159	21075	39364	3801	125994	3913	6532	86649	21415	3379	1416	8840	8406	978	440	401	887	1673	834	1269	1204	1888	20	1182	594	838	1489	5442	791	62	3818	1005	1641	2500	496	1021	1144	7225	9989	7659	635	440	5745	769	1318	2367	565	268	2584	295	702	1881	413	525	903	6983	1546	1342
Sg_EB21_10	3541	195	1316	1016	61	187	117	295	108	15	763	65	613	294	98	136	901	125	454	441	880	382	1517	3231	2557	943	1606	1327	2469	6	223	2164	812	76	4085	291	53	2745	5562	4292	1354	1676	2017	327	806	442	553	1126	6447	205	1602	170	828	783	503	645	11498	1468	569	793	866	329	1011	173	570
Sg_EM03_4	75	6	1	105	0	1101	2	7	8	15	32	1	252	987	2	16429	1142	9	2	413	3224	7	9	7	84	25	4	15	17	6	1	19	7	0	41	5	6	2011	41	11	27	1447	91	2	140	1	2	5	76	5	16	0	9	29	55	39	15	25	6612	8	5296	9	70	138	355
Sg_EM03_7	588	3013	1500	322	15	1768	155	3	804	61	202	128	193	132	450	4001	1351	1	9042	2955	886	0	105	658	33	25	166	4	419	0	7	118	35	10	160	39	0	2086	933	817	342	75	6	2	76	18	501	10	2	11	206	2	19	236	53	79	27	5	1373	13	160	21	1108	263	5
Sg_EM12_46	65	65	103	38	3	34	340	7	240	43	37	114	16	53	8	104	80	1	219	17	14	0	7	3	21	1	2	11	3	0	2	1	2	1	52	14	1	41	19	41	10	2	7	0	42	14	25	0	0	8	0	1	2	99	13	46	0	0	57	1	3	27	9	11	6
Sg_EM12_61	514	4531	37586	1078	227	694	1056	1551	949	1167	26445	423	2797	2690	663	796	5700	700	2356	2531	2332	3494	2565	3445	2038	2836	7056	5287	1891	359	5714	4559	2986	2073	1763	2894	663	3034	34157	2733	2105	2850	2059	3137	2365	1658	759	3807	3872	1033	4190	3253	4065	13241	1174	4344	3227	5527	6387	2254	22539	3640	1693	9702	2076
Sg_EM22_6	1009	423	93	890	25077	2634	18	4497	217	93	524	643	670	418	443	670	273	10061	116	233	102	1	58	4	61	408	4014	7	49	5006	329	3	63	14	263	5232	3539	2	442	805	886	45	4664	186	12	24	3403	499	89	463	13	2	261	540	202	70	1489	1503	1326	383	782	151	3107	10	604
Sg_EM25_40	971	2493	1477	3824	225	999	541	175	472	1034	496	159	3058	1485	448	516	1168	228	415	1068	1164	442	1855	776	892	2756	353	784	3307	76	576	632	2121	366	587	1225	226	1301	1054	1487	2734	824	1109	961	1189	1478	1044	726	1171	558	1373	1291	2683	872	919	1578	497	2686	1439	2238	837	818	1614	1130	1060
Sg_EM30_38	52015	5004	3003	33941	1169	21418	285436	2335	2787	1055	2095	501	3986	6772	1594	25737	52944	1684	3102	7980	2190	3937	991	3608	7052	2664	1627	1876	25404	256	1100	698	1873	493	1006	3744	583	1534	1355	4294	1114	10756	11418	923	2078	1217	582	1639	16770	608	1138	2674	5180	13143	2751	4622	2105	30207	3127	3959	6169	2336	29889	2092	2453
Sg_EM30_40	298	24900	3721	5404	129	409	399	272	41528	22957	995	186	25709	1418	94	361	69420	644	425	1984	8995	799	881	1807	396	8999	547	220	385	69	870	20999	840	438	328	700	141	1117	878	890	2511	11410	1952	396	559	596	277	655	1783	1330	6834	255	37041	836	325	33840	604	1290	39411	2823	20018	1275	737	696	590
Sg_EM34_4	64691	100356	10019	123666	46217	709666	2731	814306	24959	7412	241822	37396	144866	80705	85271	249952	12317	701119	20470	8284	12777	8390	17282	5534	10102	51536	14481	7596	13817	982466	6762	6207	9932	9398	61101	262677	790336	4358	63804	38012	119313	13179	112926	60033	2461	9052	647486	112966	8312	120046	6665	8299	4899	61249	45435	11457	8020	25573	5596	44914	165614	24171	33786	8047	19202
Sg_G06_49	117	79	21	114	383	2614	12	486	61	37	103	37	4906	108	56	132	602	521	51	76	112	58	48	1156	37	506	38	70	83	603	77	29	80	16	49	901	459	167	165	77	380	314	112	94	36	54	393	82	42	140	102	27	6318	1298	162	50	87	94	63	246	86	112	21139	72	58
Sg_G06_9	6	2874	5101	333	2769	14	66	48	3525	9302	1635	20061	29	27826	250	2879	53	130	21531	319	113	155	60	41	59	121	4104	1473	3862	9	1312	592	185	121	482	69	91	81	29	99	68	69	122	329	794	484	17	94	168	59024	132	232	59	19	16	45	332	77	62	111	337	66	42	270	1195
Sg_G09_4	4708	889	66125	546	883	4806	306	1513	56434	495	451	9995	881	3972	502	4449	5870	1386	9452	2211	374	90	410	425	426	305	258	139	620	1924	75	520	637	123	1424	723	1279	16145	1490	693	468	427	853	105	623	201	2734	427	774	238	618	28	1706	314	561	196	1143	409	2726	302	454	1543	772	122	282
Sg_G10_35	508	109	27	591	778	1950	453	21	665	780	179	71	34	77	131	211	1120	7	139	51	23	60	2527	33	16595	104	67	2068	15226	11	42	20	4927	53	46	4522	88	65	23	2131	51	9075	19982	78	70	50	26	90	131	71	31	276	104	5136	5447	18	10	1672	973	79	1314	25	7611	68	8953
Sg_G11_20	4060	17	10	35	1	2254	0	8	9	1	25	6	16	13297	6	6	2338	2	35	18	8379	12	1840	23	47	977	4	101	35	2	8	18	275	51	24	132	0	14	27	20	1555	4928	26	94	11	8	8	26	79	1	8	52	42	478	14	2394	2	16	47	9	15	47	42	11963	1623
Sg_G18_1	2159	4	4164	759	2	5352	728	55	1394	5	94	17	2547	8869	14	4003	1522	2	5	1911	5	6	168	1262	1431	8	10	244	216	2	2	11	3	7	18	367	3	6	220	553	17	10709	64	10	5	70	918	4	14	379	47	5	14	25	24	1891	9	426	366	9	908	687	1242	18	1500
Sg_G18_19	2042	8364	12080	2619	248	2023	1483	2529	6395	3675	1570	5617	1235	2505	3098	3216	1662	1657	4236	1838	1098	964	998	1446	1140	982	960	1042	1119	2276	906	844	950	735	1840	985	806	1929	1261	1690	1425	1184	857	791	3388	1510	2671	1275	1210	894	1301	834	1082	1771	596	1750	1157	955	1992	1066	917	1086	1322	1169	2221
Sg_G19_41	187	691	181	542	78	517	392	86	149	313	2999	125	1630	6636	172	202	2259	161	371	2884	1041	1225	1092	25373	644	57773	1095	791	694	3442	900	506	821	590	417	1339	88	1435	657	2547	723	1888	790	497	7529	704	299	929	1150	218	1157	1113	958	2806	806	8059	484	3945	2345	1159	2024	525	2110	1550	2970
Sg_G21_58	2692	989	59	1386	155	3121	179	35	65	552	558	50	374	510	126	163	1202	47	55	327	828	15	1205	559	524	2105	61	102	1203	18	433	230	847	5	144	314	0	482	540	1358	528	126	257	88	355	1443	376	57	186	478	496	27	1948	21422	658	693	38	1143	689	881	76	90	2643	265	375
Sg_G22_16	1475	1210	233	2481	15634	2035	28	4076	381	143	449	2627	1376	486	1266	589	52	5566	109	139	1272	4	69	5	330	2594	408	51	149	5245	853	8	93	576	305	2137	7951	1	528	260	734	49	712	215	909	29	3657	646	21	455	11	7	15	778	156	68	1398	418	145	308	1004	107	1246	6	103
Sg_G26_10	4633	2386	17636	785	3	159	67	19	6209	35	1061	68	107	199	17	427	1006	31	6	796	60	1	189	194	41	35	12	39	135	1	678	900	159	22	3	11	0	13504	701	1689	1561	53	21	3	11134	80	35	8	50	0	95	17	26	159	125	628	5	11	181	28	168	9	2851	763	814
Sg_G26_22	79	884	3312	43	148	36	127	13	1648	1091	436	1382	148	382	1636	476	42	6	1396	149	50	58	9	101	67	513	10	61	19	6	111	9	3	17	264	12	6	111	77	281	202	1	29	9	958	545	1577	6	8	47	21	24	60	65	3	206	6	17	169	5	37	91	195	73	158
Sg_G26_28	303	2861	486	616	77	1010	430	402	3719	785	986	179	910	3671	333	276	897	282	2806	1603	1070	954	1016	1390	668	1227	679	1307	1012	98	730	960	1554	1218	1096	1085	199	1341	578	1046	3202	1001	928	1203	2206	1276	480	1232	1185	507	1379	1616	2121	1660	653	952	960	1082	2262	1306	1962	1705	5314	1355	1629
Sg_G29_33	2212	47	478	721	1637	89	47	5225	11	2	1710	14	92	295	98	18	312	56	13866	12551	925	106	871	1082	1100	424	797	1600	1369	1	3	995	264	8	1279	92	1	63366	2042	938	298	733	1004	10	271	124	25	69	449	208	44044	20	395	487	248	492	3349	782	225	571	612	418	572	43	714
Sg_G33_7	2124	68141	2274	761	7	499	82	31	421	348	177	162	146	665	229	272	956	26	108	522	239	77	334	591	49	282	363	203	207	1	70	168	235	11	191	198	1	259	895	558	706	701	361	30	367	178	51	236	102	42	372	48	161	460	79	390	312	336	2625	206	681	250	820	956	709
Sg_G37_59	281	585	219	138	77	12424	859	87	515	469	286	818	759	659	966	793	695	50	966	614	920	455	193	2224	283	478	750	532	714	58	439	176	433	300	459	430	699	1013	519	776	381	221	255	457	11474	393	363	13029	173	110	444	734	647	279	94	501	299	4129	379	225	759	416	3679	1919	420
Sg_G39_28	42771	82220	371	57	614	1105	1669	8	53562	299	34	2640	4204	2241	307	38874	1543	61	37288	703	10574	0	965	229	1415	88	1473	2879	1293	0	2393	589	1557	2	11376	678	5	3159	8462	194	5463	1	255	0	48020	29	7979	0	20	3	3393	2	34	101	2470	104	0	218	35066	686	1099	3334	434	8176	1166
Sg_G43_29	380	1292	792	280	15	4587	621	2	292	769	55	558	97	158	556	307	219	13	286	395	37	0	8	73	57	21	17	21	147	7	63	22	1	9	70	4374	5	119	23	105	54	35	13	8	130	158	152	7	15	42	8	8	32	124	29	17386	0	102	115	13	28	49	419	21	51
Sg_G46_28	1744	1907	2194	23303	152	14594	327	167	2778	1752	658	1266	712	547	2290	1090	10349	398	1838	601	588	661	713	649	847	632	442	456	762	41	466	357	609	373	583	7913	67	803	398	604	764	684	838	361	1989	1212	604	1164	538	151	599	467	372	34926	209	11983	413	677	807	824	490	455	722	713	881
Sg_G46_34	2085	3392	13736	1527	916	574	279	219	3889	6332	216	155	264	1154	144	1924	801	315	2688	739	1227	394	330	615	274	738	166	192	321	70	2077	161	709	134	260	322	323	4380	354	2056	945	453	943	194	1980	783	199	2748	485	90	849	833	419	2633	151	577	2592	166	1156	524	908	248	3938	1352	1344
Sg_G46_4	5397	5160	57	8	13	13	115	103	19	3	46	1513	17	11	22	5	11	28	106	110	4553	39	54	119	17	293	13	61	8125	1	35	111	8	10	53	12	5	4228	199	12	6	18	34	45	5	3	7	40	9727	413	435	3	745	18	1	233	48	1073	28	16	3119	16	36	2166	251
Sg_G47_17	35	889	217	24	92	55	5058	47	2753	644	532	3222	1095	128	16632	210	355	70	513	169	236	217	144	218	421	211	1327	224	146	6457	140	656	182	1000	684	184	74	153	739	298	134	302	259	733	210	210	151	175	328	6577	285	235	446	180	25	231	83	256	173	529	1123	181	561	948	574
Sg_H04_45	5656	17036	392	8941	398	17785	17628	129	463	2481	590	255	1668	4782	505	1517	3060	394	206	4483	2644	91	3131	861	2652	14697	261	1378	9836	786	615	1008	14469	54	515	5850	10	2530	1465	2790	3319	1084	1104	334	1697	5876	2637	410	730	2015	2196	99	2822	2149	3607	3112	286	4422	1596	3075	903	1142	5218	1470	1417
Sg_I01_33	173	14	9	3664	329	23	1743	0	18164	123	5	359	2243	2	36	49	823	14	10971	916	0	0	408	1564	59	0	1	209	440	0	2	0	227	1	4	21	0	8	1988	481	664	205	22	0	12	9	369	0	0	3	569	0	1	52	523	115	0	34	207	0	261	1118	3463	1765	433
Sg_I05_27	7444	1782	8361	18280	130	1720	285	2088	2444	1011	673	796	452	1039	290	1844	3575	1637	467	1118	515	47	517	374	268	465	95	84	327	2681	115	194	243	33	542	735	1608	778	672	8554	596	259	354	199	8720	363	1325	435	147	236	505	22	401	8860	744	3112	235	376	1095	344	1284	177	528	892	14705
Sg_I05_65	31	1288	569	206	5	1326	110	740	638	1081	168	2	612	600	0	26	2329	26	13	74536	365	35	21814	286	67	184	43	36	407	2	216	839	106	22	5476	512	6	56	66	85	32	393	707	31	177	18	126	123	500	26	289	37	594	13548	32	1357	19	88	1258	101	951	193	229	70	18310
Sg_I06_25	260	577	161	330	224	266	1248	1093	144	326	2956	3430	777	4123	187	334	869	205	5113	1082	1701	4740	1240	1858	921	1533	11992	2618	5977	50	6343	1276	10799	9159	379	854	709	5436	947	848	9173	1178	3217	7839	551	5906	267	7000	10761	349	696	15569	8766	247	528	1370	6015	9444	10143	2016	1205	5348	588	3899	577
Sg_I07_11	11243	16250	1314	23218	7722	50391	306	120722	3160	611	23423	5548	19760	11973	11949	21149	1327	84586	2324	767	396	215	1596	128	637	6868	1263	28	1576	140543	224	35	599	77	7827	37823	106673	136	8776	4922	15573	1028	15647	7052	60	674	94960	15331	323	10218	251	372	46	8565	6020	1320	587	4504	104	5764	23695	2409	4689	383	2255
Sg_I09_29	89290	27105	34635	16227	1911	3876	219	3718	15241	7107	4347	6751	6786	48366	10938	5978	6851	2980	1798	17635	3329	136	1088	297	1551	6029	3599	17762	10999	280	1353	2637	3818	1905	534	318	171	16022	441	2327	2198	279	696	14572	2294	821	18117	4536	2975	13771	1261	2755	53783	1383	1456	12615	124	50440	1687	10549	755	13981	9015	4740	1186
Sg_I12_32	545	2145	986	1101	314	657	617	1247	796	556	1712	437	1119	1821	365	836	889	1239	1189	773	1364	1585	1482	1386	1169	1212	1504	2006	1172	877	1074	865	1837	1958	2088	1154	773	1412	1207	1067	2567	995	1198	2113	1508	11143	1346	2222	2156	1124	2069	1775	2036	976	727	1208	1657	1470	1747	1697	1151	1634	953	3130	880
Sg_I12_44	1251	6266	5513	317	36	394	354	18	2651	128	26	1762	248	2381	225	694	574	5	417	343	811	2	33	37	21	23	13	17	63	0	17	16	23	1	522	17	1	686	1575	564	176	3	43	2	204	62	178	3	7	1	159	4	64	37	57	87	27	32	1674	32	24	163	883	43	102
Sg_I12_6	8791	390	1799	1170	514	414	67	577	20	29	1812	64	507	314	78	187	2098	315	626	515	1334	19	3794	5480	5104	1880	1777	1493	3350	532	47	5905	793	11	11339	559	360	2788	7775	3240	2129	3263	5459	67	1676	441	67	215	994	164	2044	4	512	1622	709	1293	9157	2208	516	1175	2243	259	2039	20	424
Sg_I13_16	28	3	3	6	0	756	14	7	12	2	140	1	3	6	1	4	17	4	1	3	4	3	3	3	6	2	8	0	5	0	9	5	3	3	0	5	0	6	6	3	10	3	0	0	4	23	8	1	0	0	16	3	35	5	2	11	15	5	0	3	4	0	8	10	6
Sg_K01_3	263	244	14507	490	33	304	10284	108	410	15235	408	11537	713	1518	734	324	13001	1925	978	47257	566	166	681	2415	338	20967	2307	569	267	193	483	470	257	466	104	361	19	455	143	1610	257	258	2431	13162	663	426	149	1164	581	38	997	338	532	433	190	3245	1011	541	220	249	638	179	12377	2640	397
Sg_K01_5	5318	174	1604	1293	263	173	89	958	13	3	917	45	636	258	68	54	1027	81	2532	2140	1026	33	1379	2515	3825	1173	1613	855	2307	2	17	2002	438	7	4395	228	21	11944	4246	2047	1272	2119	2623	6	624	361	53	23	728	30	7008	4	696	772	512	683	7066	1918	388	890	925	388	1268	34	649
Sg_K09_1	71	953	325	141	120	281	140	394	300	273	1837	87	1266	762	152	125	920	5660	1249	752	1045	1967	1027	1772	1396	2141	2325	3219	1821	79	767	1641	1668	1382	1040	958	785	1583	1694	936	1154	929	77571	3111	661	1734	437	2677	1355	684	2923	4665	1381	557	621	522	1087	1690	2017	1444	846	1415	684	1299	654
Sg_K09_61	816	1395	89	985	8826	3429	9	1889	318	51	1278	328	1509	334	388	1842	28	5054	122	75	793	1	83	8	218	274	5938	42	72	5250	489	2	298	351	567	1414	5549	0	515	327	1275	79	612	288	5	39	1943	548	24	627	6	2	17	435	261	69	1343	220	93	306	614	136	4360	8	121
Sg_K10_28	12656	5	12	23441	23	9288	29782	0	1	8	2	3	1062	2256	1	11906	5818	154	1	715	330	0	102	49	631	508	399	1	6140	3	0	6	235	2	2	66	29	196	118	1341	0	782	658	0	1	2	9	3	530	0	86	0	1489	2502	222	981	0	2730	2638	212	3919	0	12065	149	150
Sg_K14_18	414	29	134	1940	2071	11624	1087	45	31	30	149	18	1010	79	27	18	3020	28	153	124	126	135	4849	177	67053	143	180	5157	42312	68	227	174	31669	188	85	18021	197	169	50	5015	290	19890	49991	491	61	94	54	120	328	7	253	199	106	21528	33800	103	155	988	1993	308	2627	175	41668	145	32655
Sg_K15_44	502	2474	338	2373	1355	1422	2004	3613	1095	1902	16079	603	12903	13197	1330	1530	11289	2005	4068	20386	33790	54199	30253	20079	30429	27449	50799	87343	22060	1119	38381	26591	53700	17889	35373	22916	20920	28412	13567	30139	24704	35131	6568	67397	4656	24797	4802	48432	69617	240	24896	66533	12032	5876	9671	9955	28151	34854	29624	47909	17865	28462	8903	24011	13898
Sg_K16_17	5	3	1	64	0	200	1	629	2	8	11	1	1442	5642	0	11238	12565	2	1	171	7841	4	886	8	29	16	3	23	23	0	0	5	94	2	5	7	0	14	183	40	15	4	21	1	1309	510	5	2331	5	1	3	1	4	45	11	82	6420	27	45	7	36	6	33	319	48
Sg_K16_50	22	0	2	29	435	1132	12	108	739	6745	5378	10	74493	5947	5	1332	2001	841	6	220	83	9	862	8	1382	7719	332	179	3	5	4	81	4	19	206	30	3	3	396	69	5615	102	22745	2	253	40	780	336	29563	37	103	4	1929	17	21	7765	791	18231	99	118	32	1042	7668	2051	3369
Sg_K16_53	2469	1141	1230	10179	1083	10159	1550	141	188	784	894	108	2892	18530	318	623	1978	7811	527	930	4042	1777	3389	1962	1730	45378	174	3422	6597	44	1190	24546	4254	410	2246	4273	39	2898	68561	10041	19604	6904	794	3373	2568	714	1513	383	815	615	3678	87	6294	14258	4501	4452	3920	3288	2855	10341	2893	40848	1141	3420	2458
Sg_K17_22	713	861	1192	636	70	235	33	29	1069	505	83	750	44	226	387	428	374	11	390	505	361	7	250	57	54	246	12	56	251	2	65	26	788	29	444	139	1	262	64	114	1056	51	311	19	646	164	328	22	19	19	40	2	62	277	24	916	17	44	251	83	138	55	134	234	203
Sg_K22_12	62	33	983	2920	53	1	1	3543	3632	535	91	459	17	2429	288	84	587	2772	23	12	2	2330	6	0	5	26	58	2420	62	145	20	1526	11	2	5	150	92	1	6	7	503	27	11	661	6136	14	3	8	0	16	1	17	3	235	1122	53	36606	12	0	0	95	5	38	25	9
Sg_K22_14	186	43364	2580	2055	48	2668	1493	1475	304	2116	1259	876	3041	28605	53826	14529	3349	348	1089	15641	3502	843	464	1951	437	1151	1116	2591	490	45	1363	979	545	1179	711	1319	122	1570	426	3752	1741	1095	6595	647	762	1049	318	498	1167	378	1601	1513	35962	1066	308	8367	2694	1721	1027	2607	16235	1725	20248	1323	1486
Sg_K22_66	288	1199	1041	1041	69	949	516	97	204	409	870	190	1296	785	194	370	2358	361	409	4656	1588	1381	2723	9050	1543	1914	954	1253	1142	145	742	5262	5430	1605	720	1585	86	1232	1443	4086	2581	2755	5822	926	1186	620	419	805	924	91	3175	912	1279	1157	1019	937	848	1091	2721	1562	5237	961	3769	877	2796
Sg_K22_8	124	365	87	113	99	159	141	11653	228	147	1633	301	3000	511	1149	352	669	239	1083	812	1348	2903	1647	2502	707	1621	1505	1015	966	144	748	1475	1182	769	2526	1758	596	1439	685	1292	1104	2026	4585	554	677	5444	302	2367	777	237	1483	1279	1449	278	972	557	675	1731	1088	2334	852	1097	964	2298	685
Sg_K31_45	336	38361	103	119	3	10	0	74	26	388	116	36	11	24	5	78	267	17	30	16559	146086	295	70807	12	21770	63	27	11	44	2	79	79160	171	2034	279	11	7	418	2186	52	134	12	12	5367	254	199	163	6	56351	2718	36	264	8	488	18	188	995	337	18	17862	90	952	18	34	442
Sg_K32_30	79	315	12	24	377	436	20	316	3487	36	186	39	9	15	22	3	5	300	7	9	10	1	9	3	3	22	8	1	7	150	35	1	2	0	183	100	540	0	103	26	31	0	40	11	0	1	164	316	3	10	1	2	0	37	32	5	43	26	1	9	60	1	41	1	7
Sg_K34_1	415	619	379	845	24	3193	163	85	248	81	385	46	258	489	61	148	197	132	287	310	293	259	441	353	196	374	369	222	128	22	244	157	502	598	253	293	142	528	253	339	384	197	153	92	585	412	104	296	690	22	307	643	876	404	63	288	474	396	639	349	407	387	216	613	1069
Sg_K36_16	1362	8076	512	10102	5398	4727	6123	22279	4901	8511	98498	2301	46607	71803	6110	5113	49779	7879	26444	113622	186286	307474	184205	56734	133208	130356	317504	550041	107801	2409	240018	127693	298622	88092	351957	145433	113299	150634	54245	118147	207157	199369	18024	429533	4835	137349	6254	327935	412022	37	171040	380984	57071	19506	50691	37956	174202	185285	167729	264733	85307	167886	41639	118183	59723
Sg_K36_17	3216	837	387	2193	93055	2272	31	1917	1251	221	936	489	516	1688	610	374	21	17904	125	2059	6229	1	30	18	1948	408	5065	1678	465	3537	4593	5	1200	2631	113	20703	12813	2	804	1706	1997	338	1394	224	39	20	1537	335	130	750	35	18	88	1488	161	143	841	319	688	3190	516	230	10283	11	205
Sg_K36_27	323	575	391	5451	885	6160	347	504	2264	1593	1890	169	8483	1349	777	448	9928	2199	9669	1350	12250	4622	12347	11920	6771	12342	2076	8606	15063	287	2401	9081	4436	2619	7340	6472	482	9011	7826	6291	5007	8339	2984	2607	11530	2198	2736	7187	7219	1358	6235	3413	3326	5114	3993	9190	1698	3161	6005	4276	4924	18418	5323	26590	17460
Sg_K36_29	319	2206	1169	2356	1618	1332	724	29441	1888	3809	43400	771	20859	22491	1740	6439	12580	783	15254	9928	73168	56657	52903	30473	20313	24439	29987	29476	48090	479	14410	17303	25797	45434	47512	27091	790	53919	13226	30197	7124	14736	27273	4207	5895	214203	16572	32640	15731	218	30561	15121	22917	19706	22918	16866	18781	35148	23289	39565	25927	26985	19469	51804	11955
Sg_K36_3	145	14989	706	209	37	514	104	10	58598	1594	165	1967	214	360	1508	765	2277	6	42314	218	44	454	90	8139	62	15	12	8479	66	1	376	179	3	5	231	21	22	88	28	909	233	8	11	111	545	818	126	16	7	71	9	31	26	231	3	2465	11	16	60	3	97	172	191	22	1208
Sg_K36_6	236	1935	574	504	223	330	375	20567	18326	2550	5515	413	1749	2712	1029	1284	543	419	1563	1151	1731	3121	1671	1683	933	3398	2739	2371	984	46	2543	1481	2085	1868	3474	1925	20270	1925	1171	1496	2511	1763	3399	3689	2773	3223	20182	7267	5319	13814	2667	5984	2884	632	573	828	2159	2182	2390	2485	842	2233	771	2325	857
Sg_K36_8	1048	9228	26	91	2	867	4	3448	8935	4	2808	2	2271	1836	0	14	7185	1676	7	12381	13870	5	16364	65	1336	1969	1398	18	2642	2	6	911	1562	39	4281	11945	1	12323	2786	827	270	20126	218	358	3158	7	984	44	723	36	2219	0	2026	229	1410	67	12	1850	10759	17046	18482	17255	5419	3070	496
Sg_K40_29	44	956	235	106	17	3867	1567	115	42	526	153	57	578	475	1311	482	891	58	622	723	584	303	251	2440	317	737	436	768	306	44	246	214	311	187	500	528	25	210	167	549	1148	491	279	453	176	482	126	280	316	40	378	1901	695	1148	96	928	314	549	8206	481	1168	612	1377	1444	626
Sg_K40_38	40	119	113	9939	0	150	114	4	56	32	34	6	114	83	13	30	1401	6	8	89573	30	6	50	28	24	75	31	40	73	2	64	42	78	12	29	62	0	57	32	60	95	72	1483	17	96	95	33	80	39	5	63	2	65	123	15	2286	51	53	148	57	6255	66	7430	58	114
Sg_K40_4	14117	21490	9854	825	7	765	381	2546	134	87	54	4	76	395	8	67	960	11	34	864	101	31	90	375	232	73	47	72	73	11	61	32	36	17	21	81	1	304	273	967	104	51	26	36	294	82	35	47	124	3	103	52	44	544	173	1153	152	22	1276	46	519	802	180	5301	1090
Sg_K40_76	131	524	992	1267	75	3380	248	97	95	306	22233	98	621	18790	141	129	692	174	282	487	433	491	778	1338	527	985	745	659	391	58	521	495	439	288	296	741	74	644	310	1927	857	687	454	369	500	184	157	555	448	70	1726	488	729	778	459	393	535	738	656	1204	727	369	372	718	510
Sg_K46_34	30986	2971	81	29532	2069	1683	976	33	133	1840	287	149	3241	5838	184	9031	4035	908	96	12875	6559	24	10032	505	11495	103102	104	2371	45719	2090	670	497	48975	17	201	3698	4	1644	4598	2298	12251	3294	217	164	1049	1916	11843	107	264	629	599	39	1246	6771	12888	1679	101	1441	573	1465	1571	2438	8120	659	4180
Sg_M01_13	3056	138	91	5832	2	3594	24	27	68	54	10	2	34	733	7	42	5080	19	22	1849	91	22	241	57	128	55	29	66	18	3	55	14	64	82	1	32	0	97	20	104	46	65	88	14	6765	20	26	26	48	9	27	1	79	1954	57	1101	29	57	2190	50	508	17	123	4189	5425
Sg_M01_30	615	907	1141	1156	30	4983	78	13620	353	261	138	21	316	860	107	183	8163	63	111	985	306	209	294	169	189	302	225	207	327	24	122	197	427	98	162	166	4	273	272	355	318	248	230	189	3360	409	195	127	650	137	194	147	509	1096	181	295	160	146	1188	335	3226	274	451	430	5456
Sg_M02_37	7518	376	1958	1389	52	372	152	125	15	2	2278	66	925	343	99	95	1512	140	275	342	1274	20	3059	5416	3539	1471	8035	1814	3113	3	11	4023	790	2	12424	428	1	1419	10944	2795	1820	4113	4061	69	1269	579	60	127	746	19	808	2	690	1273	716	978	10401	3222	487	1349	1604	484	2782	21	785
Sg_M02_5	88	94	70	76	300	91	93	60	45	124	379	57	781	8763	69	95	396	87	376	32247	438	807	10693	784	12017	10543	813	5493	452	822	752	503	2030	621	2361	37318	70	870	11923	10445	7819	29551	481	611	558	486	5131	1448	764	64	454	861	22971	881	190	411	327	886	10519	825	49228	573	5527	672	884
Sg_M02_8	152	95	1950	1817	24	234	216	44	709	661	136	123	2018	1457	165	489	1963	192	76	200	2144	387	2738	4360	3553	1131	279	5776	3464	512	550	229	2698	477	260	8636	20	2176	7711	10558	1115	3464	1316	208	7206	99	285	1715	1684	9	3158	244	325	1826	62	7352	957	267	6940	1796	905	1822	3223	6177	3795
Sg_M03_37	36	173	218	774	42	171	157	32	93	56	136	53	173	4013	72	159	434	2401	56	359	145	158	16847	237	601	258	928	41	169	30	2319	58	512	104	58	184	2599	200	34	157	10820	2470	10667	358	325	71	67	288	300	162	106	93	80	1194	10369	412	739	196	219	118	246541	105	180	219	441
Sg_M03_38	128	6	31	13730	3	445	415	1	59	12	6	12	20	38	4	54	176	1	6	87	5	2	2	13	17	28	6	2	85	1	0	5	8	8	3	13	9	11	3	30	0	1137	11	1	17	6	6	2	6	3	5	2	26	23	44	253	0	43	13	5	245	1	213	4	10
Sg_M07_23	53	5824	508	1563	14	1082	839	140	81	497	1229	89	554	2457	3725	1283	1213	54	222	1680	2057	373	192	495	202	452	264	1525	238	9	361	283	170	273	69	268	34	545	103	1616	451	905	652	309	441	103	90	167	274	2	340	236	3249	778	76	961	259	351	343	308	1140	561	1827	322	667
Sg_M07_27	38	70	243	14724	2	3121	18	9	57	22	49	3	18	169	0	15	113	12	7	172	33	6	53	43	5	39	6	4	28	1	59	28	15	4	10	22	0	86	41	31	19	31	85	4	149	15	8	29	41	17	4	6	37	144	5	78	12	7	33	10	53	16	28	48	87
Sg_M07_39	2985	98	6011	72	1	79	44	3	286	19	16	134	92	174	33	79	1346	1	101	27	824	0	63	59	1	0	6	2	0	0	2	3	2	1	91	31	2	2053	12	630	331	88	157	0	27	139	22	1	0	1	3	1	7	62	46	7	51	0	42	190	43	9	399	424	7
Sg_M07_4	3167	368	67	7514	13	1269	190	8	383	966	60	157	33	49	35	212	35	6	296	61	9	0	406	9	774	1	6	5	6	0	2	2	17	1	43	180	1	63	17	1988	6	3	5	0	85	25	852	1	0	10	3	1	48	8884	4	3753	0	0	50	1	114	23	83	225	1570
Sg_M08_36	8143	3667	84	6708	3128	1539	283	194	54	2004	3218	29	3364	351	37	265	6110	1945	99	6294	1017	576	5104	3368	10650	36329	173	1032	19311	24	402	3040	6186	378	43771	8624	7	1543	3138	4782	11353	9230	189	1181	8550	179	228	441	469	178	1316	269	2407	10146	4655	2595	886	9001	12017	9589	2101	612	6048	1548	1698
Sg_M11_5	1912	3429	227	2777	1893	10208	45	13823	557	102	2854	910	3124	2043	2259	4118	183	21414	621	135	75	11	238	14	162	1343	351	9	173	29363	120	7	93	29	1580	5947	24479	8	1460	791	2707	218	2798	884	4	168	13387	2417	50	1611	46	6	9	1378	714	192	366	555	74	987	3316	521	970	58	450
Sg_M11_7	92	161	70	155	9	379	13	64	84	36	235	15	59	85	22	29	121	22	62	67	72	97	66	70	66	139	43	42	68	5	41	94	99	129	119	82	14	85	51	1004	170	65	110	82	126	102	93	126	143	108	87	137	94	84	35	100	73	112	90	150	48	101	77	147	98
Sg_M12_17	257	9042	43273	34122	568	2765	20003	563	724	31776	1263	35554	14562	97935	202	61684	24124	2705	840	72973	9555	1002	395	1361	1597	5422	4627	1343	6250	34	1039	4806	676	692	448	6223	160	22571	5626	21023	44302	1663	308	1688	342	813	300	6858	3452	572	752	1153	1636	36936	1784	68093	6618	1388	831	2012	5696	27607	22819	61162	11403
Sg_M12_21	4353	96315	32493	1219	6611	5825	30578	79	115836	233437	15839	794036	17262	30828	433228	111237	15575	8837	59274	60309	2476	901	651	3566	6491	668	4266	6594	3306	21	8329	555	823	4290	26387	1639	298	20302	3285	4615	11238	554	587	2286	50980	52767	38171	1399	1541	29500	868	6241	8843	632	448	10389	843	289	6996	839	1075	3396	22011	1371	4657
Sg_M12_39	1159	59266	398885	6159	1255	4338	2611	2684	219785	9087	71688	136794	1881	5268	108042	26952	1005	126	79498	14789	3055	142	381	878	2019	1418	649	4054	404	413	11967	1066	246	291	29391	352	163	2719	5362	41924	30366	142	933	633	184003	46665	44110	645	237	1688	1423	551	4007	2447	97	19468	327	40	2933	64	677	11261	9077	7413	15198
Sg_M12_6	1536	1614	697	7554	2845	6136	3743	887	6530	570	3500	2747	54591	8734	5286	17168	40344	18556	3928	30722	57003	77200	78331	53632	36230	65384	5523	55042	42714	18812	13652	46897	116966	5907	68190	49674	1763	17653	61806	175552	42028	56375	71001	7938	2748	3294	83204	7074	27793	1064	87121	95332	55332	45167	4783	59664	27982	44756	25851	29278	25670	5293	26077	74151	75094
Sg_M14_27	21762	4769	17527	3102	198	1716	1351	38	435	245	1803	2192	13476	4225	1633	2267	12537	27849	6850	4623	1094	5828	2076	3917	1286	9997	23575	3402	2723	193	6970	14668	1108	234	729	8599	23	6049	1271	4159	2359	5027	3250	229	16830	249	18456	11494	1201	8	3264	1904	41468	6811	251	5134	4086	11452	4448	9170	887	1270	2334	11518	2298
Sg_M14_34	4021	17	22	5	28	9	2	4	22	1	3	0	3	8	1	16476	2636	1	4	19	4045	2	1298	1	123	22	6	3	869	0	5	977	5	1	312	0	0	4	8	0	1	0	0	0	12	0	0	3	30	29	1	0	5	2761	0	3054	311	1336	0	12	1	768	0	3	1
Sg_M15_10	4962	779	3443	2051	18	3975	243	70	3221	586	956	190	146	4056	16	1649	2776	47	364	1805	634	146	276	473	86	111	119	67	163	4	78	125	170	70	95	75	20	271	134	1552	853	290	84	40	196	259	247	87	201	10	94	230	248	251	76	638	79	133	579	77	465	283	4609	847	2256
Sg_M15_17	78	4374	2570	1929	111	4826	596	1045	4364	1760	2419	114	1662	3469	864	3968	1348	42	10261	1547	1664	1276	268	6535	839	497	250	362	476	712	289	373	627	715	85	403	40	1644	258	47364	765	595	978	2988	8818	59947	162	459	582	65	2232	108	159362	6645	168	8944	810	3884	1967	1216	904	1753	2413	1086	1214
Sg_M15_29	510	20731	6085	205	49	156	577	94	5137	1597	1536	4358	588	2683	3314	1352	229	249	2850	517	150	73	149	74	74	99	25	129	172	10	259	390	870	471	524	60	7	185	155	1164	769	27	40	39	4862	1358	5128	13	21	2620	109	24	135	140	10	980	20	22	1642	28	84	280	595	164	408
Sg_M17_3	1999	929	482	10779	17	301	70	360	172	117	109	20	185	503	19	93	583	61	54	7820	1391	655	414	342	395	443	498	626	410	16	353	139	848	179	814	443	216	506	226	709	411	305	201	114	56849	630	215	414	805	44	321	356	263	2066	164	328	354	340	11017	501	535	321	303	1090	2713
Sg_M17_33	890	203	154	1640	5	2208	688	17	348	64	65	96	8104	212	72	401	540	18	42	865	87	15	659	1366	44	154	16	52	498	0	32	10	92	1	9	55	2	516	388	97	492	61	16	4	430	18	13	37	42	6	30	31	41	1385	377	433	31	12	913	30	377	14	77	242	701
Sg_M21_45	77	773	577	335	53	5260	465	180	128	518	562	261	4315	962	212	801	1029	341	404	1469	832	747	801	1169	729	1147	1193	996	4188	110	736	759	980	830	671	847	119	888	737	940	1021	814	724	1073	626	506	263	723	926	140	1206	1254	1476	18035	197	800	444	1491	1219	801	668	797	1131	1796	632
Sg_OA11r1_10	7780	2186	1539	6048	478	3307	17359	1352	1365	549	1256	375	2593	2675	821	7429	5229	2641	1319	2973	1484	2110	1884	2180	3774	2583	4218	1790	8054	1510	5944	1494	3429	1757	1668	1865	1420	1618	1185	2266	2417	2771	1810	3849	2315	1405	771	1102	2141	1626	1816	1678	2228	3482	8030	3055	2827	2039	2000	1958	2915	1397	8341	1340	1170
Sg_OA11r1_12	7859	43	305	5747	23	3274	21827	2	329	140	35	13	620	2019	510	12528	4521	115	138	2651	300	0	114	392	14413	321	191	5	4653	10	51	29	141	3	13	1368	7	237	95	12219	3	3561	1242	0	17	5	15	2	111	1	45	6	1422	887	136	1527	3	997	141	188	292	5	21060	83	171
Sg_OA11r1_9	80	261	42	65	32	80	82	98	1818	109	277	30	486	33751	63	3808	302	728	85	336	359	451	556	6859	465	6858	25922	2412	240	50	493	277	6734	6187	3769	508	149	319	188	378	20710	552	217	869	38419	378	270	582	535	263	913	660	436	1368	120	1112	373	5024	3090	3160	295	15699	16085	1194	21393
Sg_OA13r1_14	2074	21	33	1586	3	5714	3	52	5	15	19	0	101	1197	21	798	1327	23	12	7547	507	3	68	61	6	91	18	1270	415	2	0	2	19	3	7	3	20	143	166	239	5	8	982	1	72794	24620	13	208	29	3	13	0	17	498	332	1869	551	642	526	23	1256	151	362	72	2202
Sg_OA13r1_52	56	143	134	4384	37	1753	325	207	177	181	379	186	441	11267	143	1654	4017	104	159	12452	488	1108	464	914	651	916	1046	796	611	33	767	756	581	710	264	466	90	3242	252	701	384	499	499	834	278	494	311	1073	494	208	670	634	549	8610	197	443	264	2277	3192	498	2113	448	499	640	755
Sg_OA7r2_37	43	305	303	172	19	1359	14860	100	30	217	172	238	1916	786	2991	123	362	428	318	4491	332	1476	48	427	248	277	1098	469	894	28	366	211	147	48	29	389	1	182	81	264	120	1260	347	58	126	217	1913	274	1313	53	736	326	647	305	113	5152	387	304	1428	174	2662	71	942	2603	1425
Sg_OA7r2_38	1318	5862	2605	2735	2892	3367	1262	3060	842	1436	1809	517	3306	2812	861	917	2604	2358	1648	2422	2555	2319	2899	2559	2953	4796	3081	3536	3116	2139	2547	1807	3157	1314	2178	3195	2153	2577	3012	2997	3073	2876	2727	2891	2062	3795	2732	3143	2731	1515	3049	2681	3953	6963	1933	2693	1621	3836	2937	3870	2520	2732	3109	3416	1970
Sg_OA7r2_4	140	41	31	62776	2	18050	1164	0	16	13	38	9	13	11	35	14	33	2	10	23	36	0	0	3	7	2	1	1	901	0	1	9	1	1	4	6	0	3	1	20	1	2	7	1	10	3	1	0	12	2	1	1	32	3926	2	34	0	1	6	2	8	3	94	12	6
Sg_OB03r2_1	4398	6278	3005	1564	0	1	2	30	27	172963	10749	4930	43	17	13	11369	28507	1627	29	5734	42599	214	59265	1	1389	3878	13	0	1754	1	8560	263823	21987	377361	8040	6	1	23268	152686	1403	41552	8	478	4725	20947	127	66	1	1731	128697	11	94724	28	4482	17	5350	125384	54031	5	20127	35668	312660	5	671	15411
Sg_OB03r2_39	130	236	64	395	276	401	466	2021	411	465	7928	176	4176	3517	526	238	2477	809	8359	5036	6917	17439	8223	7310	7198	6642	12821	22030	6114	315	11584	6591	13692	9246	7748	6692	4887	10935	2288	6213	5656	10211	2757	16496	1784	8725	1875	19215	15302	909	5064	23705	4942	24407	3477	2232	11116	9524	9686	11372	4449	10633	4193	5519	4257
Sg_OB03r2_6	176	5735	100	67	4903	31	102035	61	81	32	9227	163878	4260	1578	1574	31	15216	4046	13185	132	3302	489	1305	106	676	1347	449	9545	3580	511	1059	17062	379	17746	14739	203	2493	1237	73622	6789	508	2100	889	1147	278	4426	78	54	374	356018	538	370	6224	330	9954	10699	722	3043	97	18896	71900	634	90	95417	1673
Sg_OB05r2_32	27	3632	757	1262	1727	116	15	6203	5308	1686	11448	82	2636	3327	838	2041	63	1190	5592	1414	5209	12158	312	345	359	199	4610	3142	244	1	10364	15484	1111	25377	4858	1388	616	8049	5675	111	211	1259	10565	13144	3365	9075	2216	15092	5051	9363	3712	1647	532	68	98	101	9158	538	4060	4264	419	14976	588	368	173
Sg_OB05r2_38	964	1449	705	4778	5672	2232	3268	52	127	1105	371	3089	47574	11711	721	2982	12271	1468	440	1131	7286	52987	34643	94273	28141	9103	20138	10157	10734	1983	19854	34217	22565	70564	6620	15906	6201	19612	16507	53201	13003	32645	895	591	31795	187	2815	35067	31674	239	39436	23642	19612	4409	25408	14295	495	22951	7513	29880	33938	17975	22302	39016	8581
Sg_OB05r2_8	6583	230	1836	1968	51	886	98	802	25	13	1442	75	1173	333	95	213	1209	716	379	245	1106	61	1754	2749	3367	1282	2174	1047	3811	947	35	2140	652	83	4783	709	867	1610	5724	2480	1469	3002	3417	46	1194	675	248	117	1238	90	853	2	1014	916	740	788	9020	2537	755	1084	1330	570	1345	26	909
Sg_OB24r1_18	10561	11989	2003	9717	10600	5819	18121	40528	16695	6554	7248	2784	278891	20735	22269	14815	38508	32886	8831	5004	7380	15134	120739	127293	177305	18356	16603	16535	24726	18920	17455	139956	84884	152238	3955	47517	6213	21973	28903	14958	18715	19007	133159	152161	8154	3745	1681	14487	62534	8459	241265	21946	31813	32607	2587	35855	11185	71767	14740	14253	40898	21207	14211	20363	18202
Sg_OG24B2A_25	50019	138077	1289	28155	790	4592	7949	569	923	6448	1873	3290	9405	19771	1434	11807	23327	2826	903	6902	9350	1155	6556	3117	7015	61572	831	2810	50038	315	3184	1542	14965	1143	17608	4220	35	14484	5228	6520	11109	2655	8635	1029	4488	10840	4866	10733	3517	2792	5505	2116	11646	9396	6093	42427	2272	7362	9658	9408	3975	1601	12174	44117	3867
Sg_OG24B2A_39	92	2169	18652	19	10	418	129	19	2179	1352	3309	17	3235	4205	22	34	201	355	269	16465	251	1497	183	320	232	347	2543	4753	200	26	12238	114	293	106	297	664	18	170	87	6670	187	214	93	181	168	2879	172	336	110	32	323	113	575	169	55	7487	171	210	2159	126	447	222	81	2849	2056
Sg_OG24B2A_8	151	1739	2929	387	773	233	118	14	4415	960	95	1695	230	813	807	933	88	48	1108	326	372	22	13	129	405	31	51	34	58	1	49	7	46	21	805	71	3	2436	168	378	159	8	17	3	412	210	245	8	10	115	37	15	309	90	15	459	1	6	1821	12	29	205	2272	186	334
Sg_OM21r1_55	1203	167	317	454	2	434	41	181	453	75	33	26	53	882	10	75	481	29	41	542	209	27	80	103	33	72	43	4	61	1	49	58	118	6	51	60	0	58	41	323	83	67	66	35	664	32	248	29	67	16	87	2	113	1349	19	214	27	23	396	19	476	72	223	320	2149
Sg_P15_12	8	28	20	16	49	28	23	622	52	28	127	10	137	90	16	8	88	92	19917	64	179	218	73	74	166	74	94	177	26	10	2824	61	98	182	37	150	68	104	112	324	1501	113	4091	130038	175	58	55	202	312	12336	127	129	200	92	31	33	103	96	57	122	99	89	1579	100	47
Sg_P15_15	1005	252	3706	167	17	143	49644	136	1918	3161	1413	2016	946	582	3667	855	2313	394	13234	8387	314	74	3065	630	386	3772	1306	1273	590	26	198	176	84	129	150	193	28	1464	168	6679	221	239	10854	3068	2508	1583	52	5938	230	1787	3563	336	362	206	733	18124	3982	316	268	316	2652	406	2356	846	1088
Sg_P15_2	78449	5749	1280	8644	444	2122	653	189	250	16035	818	263	9529	1852	335	6561	4399	1142	26108	2058	49551	23612	8766	17368	2846	85204	178	43265	113447	38	933	1780	57958	94	2198	30766	59	4962	4351	2834	2813	52313	4601	36800	2225	1099	1173	194	1136	11240	20230	251	90799	5478	3760	20588	43905	17822	35548	121334	2031	2472	7974	44274	28833
Sg_P15_21	68057	66270	622	21785	482	3493	3137	220	1020	2407	742	444	21440	2962	9617	963	22247	1151	40057	6005	9941	281	4995	2015	5253	14955	6041	676	14089	149	1961	937	38805	73	727	5431	4	12568	9503	5924	4198	1643	7747	331	4874	180760	26508	1433	2559	1409	2843	285	9750	2412	3284	13131	798	4776	13728	2642	2495	663	14875	5564	2221
Sg_P22_10	378	260	91	243	9428	7396	13	11232	225	17	246	125	215	109	159	135	6	2499	11	47	624	0	29	0	146	106	909	33	69	2274	424	4	57	412	85	813	1217	0	155	68	325	7	210	39	5	2	424	98	6	195	5	11	9	196	39	54	233	154	101	107	163	25	1011	0	49
Sg_P22_13	26125	286	898	18077	2	383	0	20986	5003	1790	176	91	26	93	24	130	623	191	7	179	638	191	445	183	631	192	3	640	451	94	1116	2280	98	1260	426	43	0	255	1346	32	128	10	14	115	2525	21	10	30	60	1528	31	1463	0	10255	5	265	873	853	4	112	246	2166	16	12	585
Sg_P23_1	5994	286	2595	1154	37	285	69	102	17	9	1052	83	567	352	92	77	1562	153	377	376	1340	19	1983	4017	3331	1597	2024	1421	3087	2	14	3399	499	27	5380	394	7	1592	7762	2726	1638	3156	4515	1	1152	512	50	19	663	56	1019	57	648	1041	736	819	7721	2040	487	980	1348	139	1930	55	579
Sg_P27_36	726	631	19	212	3643	1856	949	21	1311	1644	62	153	32088	4654	1047	6	17397	14607	137	12803	23714	60037	11528	11386	56639	16191	105	11370	12786	109	23	18639	15103	89634	28045	10775	13413	21607	22016	18815	99	1206	2710	129	10162	51	13422	21478	167	426	112	108	35432	222	93	12060	25	2820	6247	33409	7250	30625	6124	12551	3270
Sg_P27_38	65	395	15	2579	3	1063	653	200	2428	5	32	275	1445	3594	2	19	672	8	6	891	9	62	42	305	38	9	12	9	10	12	76	56	86	8	68	13	13	288	150	14	8	32	194	9	42	181	7	8	192	0	123	10	68	268	5	1690	21	15	32	12	75	161	1670	573	10
Sg_P27_4	4359	2503	1386	721	1019	737	10105	72	4726	2081	1825	5030	5418	602	2169	3672	628	190	2490	488	323	68	381	118	174	87	124	1497	2786	8	97	388	42	41	362	141	89	316	120	1279	243	242	74	64	1154	655	727	189	533	198	103	148	162	429	62	525	18	1475	357	46	544	2960	1886	153	352
Sg_P30_9	520	3423	2417	1413	264	1052	2053	1621	3151	3159	4159	1478	6342	9391	1191	5183	2665	604	3104	3318	3776	3804	6408	4597	3063	4495	11229	6139	1973	253	2586	8818	4321	1802	4981	4910	791	3121	1919	9340	3199	6672	4058	4308	4585	5298	1744	7275	4164	1406	4169	3783	7072	2041	5120	3307	4919	2760	10791	13663	3321	5385	5790	8172	6648
Sg_X03_29	13	4	5	17	0	49	2	62	26	1	15	1	4	3	0	5	15	1	1	7	3	0	4	4	2	2	1	1	17	1	0	2	6	1	3	1	1	90	14	40	2	2	3	1	4	22	17	0	6	1	9	1	9	12	1	7	2	8	4	7	10	12	7	6	17
Sg_X05_12	86	4231	67	27327	4	850	303	74	65	4561	105	9	2088	11016	24	714	628	17	133	3258	26597	77	5927	6886	198	144	65	129	76	40	359	110	8787	12	576	3510	15	215	3387	35217	150	10111	94	47	184	166	103	154	141	8	6677	108	194	2427	57	20793	117	144	6548	87	14326	146	762	446	6040
Sg_X05_3	114500	46	63	103465	560	27952	254495	0	247	50	14	1232	31468	28930	150	207614	51139	3904	106	5928	5215	0	2094	305	1383	5523	7367	1	78750	49	38	13	5055	8	0	755	41	416	6871	8111	7	3105	2267	1	16	25	10	5	386	8	1982	1	32656	4496	2149	22175	1	5074	2393	4451	1780	5	37078	2593	1204
Sg_Y07_14	179	44	19	3960	90	942	172	68	251	129	197	14	1193	3371	24	827	1987	56	350	1253	5272	2329	3103	8413	2964	2801	199	826	394	260	1617	5573	1020	288	5124	1733	276	3923	1332	6601	562	11137	6196	448	1244	79	288	1790	5002	11	7629	650	302	5154	1719	192	369	366	1339	5206	2697	2210	4855	4136	3316
Sg_Y07_23	15831	657	2371	51770	113	1477	1433	57	358	418	559	40	472	43427	47	56	46232	87	177	1042	258	526	353	37845	1759	1040	190	163	124	43	30837	1380	11729	80	86	9124	42	224	646	17287	305	7026	105559	131	21603	128	66	1035	27281	64	424	237	722	4110	380	7343	212	7629	836	195	19282	17143	12932	616	1038
Sg_Y07_27	142	278	143	331	60	184	279	389	99	37	594	855	6519	713	99	65	172	65	258	109	198	315	292	633	441	304	145	119	235	42	168	107	233	93	79	214	151	452	200	296	14216	239	146	584	220	177	105	288	2797	155	1186	78	7154	4766	594	587	177	143	136	861	174	183	802	286	186
Sg_Y19_10	1921	401	30	1812	46399	2839	64	3498	1035	27	1682	748	47628	3552	1994	1348	597	3077	187	175	63	5	39	3	56	458	589	187	33	34101	87	0	2225	28	194	1157	3576	0	408	519	11574	36	383	317	74	13	2995	218	158	741	10	1	3	560	133	2090	35931	551	153	89	388	501	2449	11	43
Sg_Y19_13	0	155	919	202	52	85	20	1829	1299	3168	563	1075	36	1506	2037	7298	20	16	2928	489	427	111	52	34	10	135	1955	93	41	461	105	50	12	313	29	31	43	33	27	99	38	68	743	160	428	12474	913	4969	42	0	17	43	631	11	98	81	237	601	20	195	7	652	75	59	600
Sg_YA03_20	6647	1326	4953	2425	1504	771	339	1171	218	3489	2105	384	1153	1249	248	800	2791	573	1229	1172	50887	1502	4402	3958	3537	3651	2767	2303	5295	307	1341	8274	2774	7346	7120	1834	831	2803	10915	3879	3775	4856	5992	2111	2348	1181	632	312	3250	3044	2260	2405	3052	1977	1319	2128	11393	5378	1857	4512	3003	6823	2457	1447	2013
Sg_YA04_9	110	137	312	2034	147	1124	421	169	380	244	373	79	1507	997	183	241	4538	281	1201	464	2555	8000	2253	13415	1585	2163	376	1607	2923	117	547	1127	1376	857	8515	4844	116	8722	1830	2236	1019	4237	541	401	1928	1119	907	2632	1128	42	1128	735	845	8316	3708	1633	451	5046	1754	1011	2605	2514	5905	8981	2336
Sg_YA12_28	693	3297	868	1799	610	907	943	2062	1060	1142	5805	1231	4909	3473	1087	1133	2366	717	2786	2564	5908	7967	7422	3442	3370	4869	20467	4921	5402	360	2618	2146	6006	6213	5148	4201	796	6321	3437	4321	3027	4498	4765	6163	2316	14718	2386	5411	4463	18377	4855	7573	5808	2196	1894	3042	3519	3746	4156	5240	2922	5641	3198	4947	2808
Sg_YA12_4	209	22	5	783	766	8718	1657	44	6305	2516	4278	160	42313	3297	1302	2119	20058	1866	2048	3860	15792	5772	3674	317	68347	3173	8041	13668	2471	85	391	28490	1309	3002	45649	331	90	76	17982	4619	7748	21298	29522	15	8512	5265	1659	2457	5126	1246	25606	39	24	2398	13	16903	459	17356	6245	5311	19176	9843	19507	12831	11582
Sg_YA13_10	185	3566	1981	1063	77	553	292	361	525	234	818	85	1025	8625	305	213	3053	230	850	2324	3688	1105	6567	688	699	1080	1455	34646	546	33	24123	644	4352	609	6335	893	650	28830	1525	1107	15721	1194	1295	868	23211	2684	328	18141	12777	340	15223	865	1388	1598	969	20303	15940	1148	45762	5042	851	8785	681	1428	1813
Sg_YA31_31	22886	86	28	18387	52	48301	50578	0	143	21	12	19	1818	4355	139	26476	10351	365	37	1630	759	75	253	294	570	1031	887	11	13212	17	51	18	686	14	174	156	4	20705	347	1613	12	1460	648	29	36	84	56	9	509	6	172	0	2455	2590	395	2107	32	4310	563	640	808	11	141767	361	277
Sg_YB34_1	146	569	205	1861	410	718	1005	62	1054	152	182	36	10032	862	75	88	1479	1049	260	4085	345	417	1084	11872	2116	764	235	1752	2144	64	17071	5824	4803	401	286	1461	36	6747	1203	1352	389	2362	1017	24950	6697	67	8032	370	329	70	2014	381	11109	7707	755	5278	5755	1901	1740	1388	6346	3854	649	1229	1887
Sg_YB35_19	111	301	444	1945	200	714	151	1319	250	686	1863	129	5380	2651	135	709	6360	363	937	5320	3733	4371	8060	14100	2981	2761	2215	3019	3951	2225	1740	1483	2792	2423	2395	2876	584	3191	1411	3995	2025	2207	1358	1517	17809	10084	1001	3750	1743	130	2161	2183	2395	3638	1571	7545	1580	4554	3511	3608	1439	1932	2472	3835	2618
Sg_YB35_41	32	178	320	1614	74	28370	17621	1002	32	2587	849	16317	743	260	92	78	336	521	6040	3404	789	836	178	374	154	404	590	6648	351	30	5414	148	1204	75	83	457	4	1490	190	205	2369	423	1198	170	17116	5539	22158	209	457	18	304	269	3243	580	87	944	356	365	2901	402	966	3542	2128	4325	442
Sg_YB35_7	8515	290	2253	1321	58	416	133	202	44	59	1874	66	672	350	99	98	2274	131	503	450	1084	414	3037	4744	5350	1997	1960	1488	3370	10	78	4685	556	345	8023	643	8	2118	11000	3150	14788	3396	5465	103	51204	730	189	103	9062	709	1287	20	764	1297	668	1038	14715	2256	741	1732	1724	653	1957	119	645
Sg_YB36_42	887	6446	2814	2947	1531	1663	2576	10005	4973	3231	25817	1677	14373	17967	6306	3106	12741	2168	13320	22277	50577	69561	38334	18884	33446	28315	61506	113685	28942	736	42283	26526	56495	25045	48988	28888	31215	44732	13271	31086	29957	36425	10766	85907	4818	159165	5310	56675	87526	1754	29645	75195	16244	8002	12384	11466	47773	43218	35219	59213	20999	36163	12416	33081	17398
Sg_YB37_21	14084	6411	804	3417	34	1922	69	38	430	53	1396	92	11441	294	177	432	859	1347	433	4753	237	439	182	337	398	209	377	653	110	2347	327	438	3394	471	158	1336	330	621	310	190	3685	1238	1025	178	765	148	5813	266	699	82	279	408	1106	607	129	6899	141	255	528	571	361	124	1504	475	197
Sg_YB37_28	477	1517	565	6147	2455	6786	1708	483	1113	1427	2801	1304	3837	1404	805	622	5863	497	2163	11840	2963	3243	3097	23145	13889	21963	2640	8691	6571	2585	2374	1577	2866	2587	1238	7766	2705	3841	3289	14566	2337	27307	3829	5021	1740	2260	28799	4849	6074	438	7564	9860	1833	3460	13314	1326	2376	25037	14253	6139	13029	6591	5351	4405	25039
Sg_YB37_7	341	2401	1031	895	2444	3942	395	8565	2367	2634	1673	6373	1735	1438	4751	2163	799	5286	1203	997	756	1349	749	539	654	982	723	715	674	6492	796	476	506	602	1302	2254	6597	794	817	909	1602	598	2022	771	843	1243	49839	1545	625	883	1077	982	583	1034	2246	749	410	820	648	1010	1781	588	953	652	541
Sg_YB38_12	346	1638	568	665	358	2966	1079	2057	1112	857	78824	431	6113	3462	529	717	2176	825	2641	1897	4266	7270	7506	7904	3242	5502	14753	5025	2571	396	3141	11732	4577	5264	11866	6663	1343	5113	5109	4558	4747	6367	10746	3338	3560	7477	1769	72866	20209	972	10466	5628	5915	1414	2144	3312	3343	3965	5309	7825	3845	6122	2141	3535	2271
Sg_YB38_21	625	1030	163	466	208	2752	194	5111	158	54	1212	239	3151	296	6782	419	231	1699	221	138	261	52282	247	262	165	335	220	311	171	7793	184	227	202	119	406	1134	3480	1155	2093	313	555	175	912	229	170	203	2156	123865	190	63710	574	148	681	190	344	148	147	1060	221	386	1208	450	252	6707	151
Sg_YB38_6	50	1370	1313	194	67	466	1071	568	5	277	8941	4	10263	12647	4599	12	17955	174	12107	26061	37528	4860	7196	4419	1730	8814	11862	2179	14404	3	54	12778	6483	2578	3210	962	105	614	9855	2274	6602	4337	4075	32	9706	660	11	9521	33769	4	2183	92	17266	372	16	2529	936	8068	2687	2184	1041	1109	14856	4460	5595
Sg_YB39_24	3349	2954	5656	2161	211	608	713	918	644	1133	2987	269	2895	1973	456	459	2247	773	1637	2555	3953	4247	5425	4450	4888	2931	2954	4938	3274	178	3500	5366	3951	3968	5170	2134	981	5207	51509	3414	3414	4088	4386	4745	6017	2524	667	3796	192971	3246	6288	5927	2805	2213	1216	3385	111925	4468	4114	4432	2711	3777	2025	2491	2069
Sg_YB41_11	559	1007	217	1859	745	1847	300	214	397	1234	1192	84	986	523	128	868	2019	273	691	3648	926	1864	2837	6278	21847	89475	903	3625	16303	10690	755	1167	1052	1241	859	20638	558	871	1101	8150	1603	13799	898	826	988	767	1263	2055	1320	345	69380	1670	1254	14282	4046	552	1178	7612	4364	12696	24446	3450	4156	19863	7852
Sg_YB41_12	3054	1812	11226	355	13	5	26	1746	1958	5327	1055	2039	113	2269	85	1339	15932	1170	5756	207	5202	45497	13263	13	5812	1450	2690	14	168	29	117	39185	4744	90861	23525	162	16	35464	214591	3691	10224	10	39	23037	12157	25707	14868	41	9573	214731	12141	56917	9	2199	2550	12122	47311	11646	23	21614	222	15312	6	7270	52574
Sg_YB46_3	217	3997	2001	376	371	940	4824	215	4769	12755	1468	4130	1768	1178	18932	5574	3735	126	4839	2571	323	230	171	776	380	95	437	236	409	24	430	286	458	514	855	504	20	885	237	794	735	311	373	341	2027	3022	1489	161	144	870	150	375	9691	75591	120	2038	68	224	2674	651	619	422	1332	1330	842
Sg_YB50_23	838	10	635	770	5	767	2747	0	156	40	3	19	139	7264	290	1132	4376	16	110	562	80	2	10	17	65	85	28	1	464	1	1	77	11	0	2	18	17	46	4	114	0	166	23	0	1	1	0	0	78	1	3	1	46	159	17	31575	0	277	118	49	57	2	4996	102	26
Sg_YB55_11	6269	13983	1	58	2	14	2	41	36	3	20	9	12	22	2	33	9160	1249	3	5683	17	16	10	10622	57	26	11	4	767	2	7	52	6	4	53	21	2	35	37	28	13	22	23	5	26	6	17	30	34	26	19	0	9	131	24	170	28	7	15959	31	64	19	41	8387	63
Sg_YB59_31	1633	982	635	831	138	983	1259	1291	1868	1518	1690	1159	1963	1435	1106	1626	1144	452	2447	2450	1766	2482	2508	2585	3004	1966	2895	3387	1608	426	1983	2727	2148	2816	2795	2439	1034	4409	4195	3351	2396	4121	2476	2779	1552	3142	1150	1547	3651	1059	3386	3270	1772	3135	2023	2077	7173	3736	3228	2623	2439	130742	1742	1768	1318
Sg_Z02_23	1367	5598	16148	2040	291	670	583	2912	27425	2402	1493	374	1109	2894	53	1299	1666	362	572	3129	1884	752	2114	1484	954	3817	3390	2151	1092	74	837	1226	1262	297	3961	1372	363	1574	1935	4512	2326	2245	11087	484	1105	9141	3182	3943	1335	282	3086	525	3789	1041	769	1887	2419	1611	1820	2844	626	2370	1616	1656	1798
Sg_Z02_43	1193	22799	2865	890	497	943	2213	25	164331	218594	638	7782	328	11538	5152	16122	454	51	33959	2510	2462	76	187	562	2764	47	2454	991	129	1	277	26	191	1047	115	40	3	4860	601	226	784	27	39	49	8063	1558	7448	66	16	301	109	181	7034	465	23	964	129	19	2489	9	161	116	8321	1194	10368
Sg_Z02_5	5	107	96	248	321	2041	28	7	19164	496	114	304	327	186	149	215	987	31	136	124	99	60	1402	168	111	157	84	105	142	19	73	126	68	57	218	122	55	179	1363	308	45	74	615	46	149	214	423	43	152	57	570	25	211	116	382	246	40	155	138	491	108	207	154	85	74
Sg_Z03_24	10665	20983	64634	6010	151	5638	1953	51	9446	2028	194	2084	1006	4008	223	11949	5948	82	3651	5478	2128	21	478	616	207	60	162	424	106	72	122	197	110	4	973	77	38	6709	625	1968	2250	63	135	40	1425	198	1001	76	11	118	702	23	202	382	474	989	65	25	8039	89	631	777	1576	595	705
Sg_Z06_28	621	13215	11379	2731	621	1462	4741	7	3485	155410	225	18003	3356	29994	22742	1121	85	410	26156	277	199	6	23	99	162	698	15	2121	108	0	9185	7	7	4	422	380	22	488	515	1243	3914	227	184	3163	259	435	183	424	290	164	80	559	106	72	190	5086	42	75	163	27	2369	4967	3672	508	140
Sg_Z07_36	114	77	103	11902	1	1814	221	7	22	13	115	2	26	97	4	14	1848	5	12	4879	329	8	987	2576	113	73	21	14	220	0	28	37	28	0	6	37	1	38	18	9146	49	374	19	23	56	17	9	16	344	0	88	2	44	393	5	66	6	17	51	119	313	14	32	2259	585
Sg_Z07_42	164	471	146	1743	1478	6101	692	2638	717	684	9748	201	5658	5548	760	507	5510	1699	8393	8469	14264	26293	12245	20888	10730	12300	23661	38548	19573	1313	16350	9604	22114	11971	13691	11719	7017	10380	4769	18044	11074	25289	4022	32432	4036	9327	3456	22118	26065	14	8544	32245	6977	20529	9404	10811	10121	16672	12823	21850	7540	13923	9635	14928	9869
Sg_Z09_20	457	4022	3887	648	226	4178	3454	451	1901	2784	2280	1394	5145	4442	7288	1806	3690	427	2711	4148	3033	2734	1738	2936	1510	4316	4384	5606	2397	203	3449	2121	1401	707	865	4269	206	2557	1192	4002	2826	2584	1235	3742	1827	3042	820	5006	1554	359	2878	2119	4599	3812	471	3642	1999	3702	3009	1919	3418	2545	2266	6457	2278
Sg_Z10_1	928	1456	1076	877	227	6092	1091	719	2181	972	2431	499	4792	12214	1926	1179	2263	802	2966	2618	4631	5780	3438	5626	3673	4775	3050	5503	3421	438	4613	3935	3917	2465	2473	2939	1318	2914	1717	3124	3435	4065	3085	6105	2725	3942	1257	3358	4547	702	3920	6186	2650	1612	1844	12854	3147	4718	3901	3471	2824	2270	2991	4193	2545
Sg_Z12_45	1351	976	97	2133	1533	810	2314	2098	1807	854	321	262	35714	1696	2359	1469	6106	3434	1233	1390	520	822	13425	24334	33184	3436	3413	1110	2060	2510	769	10921	9883	16896	170	6696	314	1560	4082	4827	1546	6593	16556	12541	931	27	847	1725	5169	71	28173	206	2357	5517	709	4522	808	8934	2890	3544	7175	2031	4590	6539	4032
Sg_Z14_36	559	3842	3935	712	231	333	1870	17	8646	4192	608	9307	240	914	4483	4340	318	49	3562	1061	332	24	162	164	213	66	127	193	1337	4	251	37	36	17	455	67	5	730	206	289	512	43	68	38	4023	1989	1131	160	39	362	128	145	346	369	66	724	14	84	996	25	77	177	652	143	3219
Sg_Z14_45	6430	232	3412	2905	39	224	91	195	5	4	965	174	931	262	70	140	1084	144	353	461	999	31	2695	3139	4951	1419	2644	1379	3678	14	23	5302	597	10	6273	793	25	1916	5708	4261	3041	2963	4167	11	1177	770	72	57	1175	29	1075	8	1041	1025	742	880	7079	2554	799	1084	2381	110	2163	18	33579
Sg_Z14_58	89472	13653	302	21516	3206	42535	2894	173	472	6204	17051	224	1191	2944	419	1114	27339	226	224	1594	19608	153	32468	13260	27868	35426	326	809	5978	128	10955	699	3994	49	449	2508	30	1532	14318	60962	2337	442	850	490	1478	3320	1672	326	803	1592	1353	476	44659	3464	15132	3459	331	4210	14718	3208	396	522	66155	1822	44050
Sg_Z15_39	188	11075	52307	1884	170	1740	1217	61	10537	96372	3667	22186	247	33360	7923	13723	496	47	6080	4381	1353	12	110	609	710	277	288	232	211	25	277	72	65	139	3789	33	11	4231	401	33774	2129	44	43	33	3871	3457	898	42	62	160	76	160	496	1241	16	1230	221	11	817	71	105	269	991	407	4874
Sg_Z15_51	24	88	374	30	60	318	126	135	168	62	913	379	1042	208	2675	43	168	719	558	139	297	7216	262	763	543	166	14191	470	205	21	298	544	397	13960	17241	305	408	559	236	227	328	264	7537	8546	234	3502	87	1241	454	1221	973	999	386	185	116	172	310	253	394	320	281	330	167	453	155
Sg_Z16_22	28	141	419	105	5	66	91	54	83	29	227	8	156	130	13	6285	111	6	27	68	105	351	197	375	327	425	83	130	46	4	58	467	409	7	707	72	21	162	177	168	473	553	422	58	185	117	77	183	241	5	307	50	280	254	64	220	100	319	215	215	277	116	208	251	128
Sg_Z17_26	3109	8950	39860	5916	0	3707	136	277	156	6	2	28	128	11472	22	10433	1758	1	62	6	628	1	116	335	150	1	8	129	2	0	6	3	4	1	81	1	1	4201	309	791	904	1	12	0	51	3	21	1	19	0	10	2	3	71	70	894	0	4	4715	23	172	17	791	583	2219
