	rab.all	rab.win.C	rab.win.E	diff.btw	diff.win	effect	overlap	we.ep	we.eBH	wi.ep	wi.eBH
Gp_MJ3_477	0.933357149543045	0.889152354016604	1.01272098174592	0.150102188080533	1.93672632070519	0.0691163275740492	0.46657986124286	0.452238810209002	0.536011283271911	0.43222526741058	0.510174132686037
Gp_MJ4_197	-3.2293697889532	-4.14718915085461	-1.60650643494269	2.48905219453142	4.79741761544174	0.489727171082666	0.289650684448061	0.00000173521322073778	0.0000209338922759053	0.00000338862644920405	0.000056195194088864
Sg_A11_12	0.527042598873425	1.3659589319859	0.0348613231778963	-1.30324082534744	4.09251159428173	-0.287011965546912	0.374131944971846	0.00289144343936254	0.00769507990868767	0.00577522022623787	0.0149779308629579
Sg_A11_2	1.80777149818788	1.81232522746894	1.80679160113369	0.0491299205937845	4.54209465980285	0.00993813813077125	0.495876736127294	0.935827433345749	0.952319397722014	0.976093823711799	0.979776414677396
Sg_A19_11	-4.44115689379756	-4.72511212020063	-4.18800961144081	0.566360144135493	5.42194333175019	0.095463178408411	0.456715122757328	0.45651466152014	0.534855641691147	0.33593374214907	0.413959186629351
Sg_A20_2	-1.14958705233598	-0.797911831706444	-1.54077461893161	-1.06895678722519	4.39311172971348	-0.223811373107082	0.389105903235507	0.0262281624917601	0.0479638017879558	0.0151547917429265	0.0323093816886938
Sg_A20_35	-3.76827909305056	-3.67852760045617	-3.97036586131344	-0.996236900367863	5.82797450861549	-0.167410598344708	0.42785853793276	0.0681066155421184	0.107091724343412	0.0960783320735402	0.149743532851455
Sg_A22_19	-0.515529246960564	-0.892804659577284	0.2133939288253	1.32285904212759	4.61949455316965	0.27615618208767	0.367838542224306	0.00204625894432153	0.00586319562347341	0.00238607920486339	0.0072374337838256
Sg_A22_3	-4.70968022537545	-5.27580136704369	-3.92012601340791	1.36352186148917	4.06601899844872	0.308977627109602	0.354089824882559	0.00125518621738363	0.0035285314348607	0.00128281713809004	0.00437473636005407
Sg_A22_8	3.7569305956758	2.99438128027086	5.40470203366034	1.78085995252176	3.8943428356274	0.433686162210326	0.307725695329995	0.0000252132811214802	0.000167668246010369	0.0000270245464314839	0.000219455328024502
Sg_A27_23	-0.840075928854729	-0.609274593448441	-1.20484308622046	-0.652894489352787	4.78843133385735	-0.12100629511541	0.442395313746048	0.152656804255141	0.217431102498832	0.191770487117123	0.2618022326069
Sg_A27_31	1.48471919560382	0.730252792333363	3.32432460796113	2.36858258745173	4.03331109608318	0.557706315126937	0.27842882052651	0.000000126166084682381	0.00000835048811265205	0.000000313378585294028	0.0000224701723709278
Sg_A28_8	-0.499617674816173	-0.803414754390904	-0.0165446855714668	0.291985301608955	6.18269220312648	0.0484499146083168	0.478081597308408	0.8059365147918	0.852757960149837	0.651100615025054	0.725703719655818
Sg_B03_29	2.04405037442742	2.22658855116177	1.57908306927679	-1.12824768570983	5.1812475747358	-0.209162536059249	0.408114558845608	0.0300881547130008	0.0536879097682504	0.0472406170723494	0.0826017292505341
Sg_B04_2	1.47118458988993	0.204942749580191	3.06597208601999	2.48319646589467	4.28464867816979	0.548673202376648	0.279670211530408	0.000000325893048887431	0.00000963711094414651	0.000000571248987267328	0.0000228126904142181
Sg_B07_38	-0.742360687625436	-0.704878734367777	-0.775112170035998	-0.393420906639613	2.7301174137897	-0.123308515579898	0.438923844894992	0.0696204153600768	0.109086450542242	0.156634716876161	0.222342785471039
Sg_B07_50	-1.759776470857	-0.646291970365405	-3.01431067747822	-1.78764357385851	4.44848684353745	-0.36525446637661	0.330006509758145	0.0000268021327734783	0.000175830250421886	0.000115112559803285	0.000669034129023742
Sg_B07_53	1.34737714825869	1.84321864762383	0.541195637328132	-1.88663475718196	5.27225302773805	-0.331331049007507	0.353655891276609	0.000648711915970939	0.00223406211763768	0.00101702024579463	0.00377007260535621
Sg_B07_62	-2.26907894522382	-1.67542108875412	-3.00244511868024	-1.32623187699792	4.1412823537515	-0.301817127934096	0.365589065441424	0.00206454657902833	0.00587225713558923	0.00233133418559423	0.00706882854019314
Sg_B08_36	-0.0599117958774178	-0.114029968074572	0.0344387192363733	0.0275455225882535	2.81330596375284	0.00838640236136661	0.495552180533831	0.887626487955042	0.917559858246059	0.905137335126503	0.9286367691869
Sg_B14_1	-2.55482907769457	-2.83624216044959	-1.91407097494887	1.09962306447864	5.97917102290015	0.167357016625474	0.427951389177646	0.115926347862028	0.170678076351602	0.0929687581871136	0.146788330330061
Sg_B14_13	0.67526652682667	0.592181869679818	0.845377171660936	0.246477636429891	4.14604895383485	0.0528602152943823	0.473638533408105	0.622890533596233	0.695025419792927	0.577241529690293	0.657961922608457
Sg_B15_22	-1.31802262834071	-1.62636153520462	-1.13664426197291	0.757773079956049	5.14129054574835	0.130997443826543	0.43511284748124	0.0450235986017306	0.0750794521774182	0.149461697348294	0.214438646190195
Sg_B15_23	1.94354496425067	1.92834774209256	1.97490487097119	-0.0810125035402538	3.28693287509608	-0.0261670800058986	0.48914930559816	0.837787373567808	0.88146582385895	0.856279735488664	0.892939481599735
Sg_B15_35	-1.63353202362091	-2.42034244727274	-0.436015029672947	1.99013700116258	3.91653018554067	0.454807816529258	0.265407987291668	0.000000350650031958858	0.00000990540063561971	0.000000169244150986537	0.000022301939894581
Sg_B15_52	-1.1945208208893	-1.37642919856529	-0.80253972898603	0.604090710500299	5.05676993500863	0.115597508187355	0.452809720299609	0.197023651244211	0.271342078540751	0.246289399825336	0.322292764467254
Sg_B19_58	-1.48996902735517	-0.930568135885546	-2.37565490484437	-1.22275673902692	3.31009687540885	-0.354972500535077	0.342447917353155	0.0000451738883447587	0.000253969449570086	0.000259911612136073	0.00126843887925125
Sg_B25_10	-1.48596036098288	-1.86738054262847	-1.31313272284628	0.818335744940186	3.5426793395785	0.194400319527082	0.403341289176718	0.00346063651780539	0.00890525947427182	0.0239169790062725	0.0459679894458464
Sg_B25_38	0.125513048337251	0.543224081254041	-0.202098805831429	-0.467776948689166	3.30967422374897	-0.134613720659512	0.440104166905155	0.0998214647980876	0.151164427898017	0.148534698960962	0.213383796916605
Sg_B27_18	0.0205173318332488	-0.299386196959829	0.383854045309446	0.701278618185554	3.16992186233529	0.19916476730796	0.409416359664435	0.0287126768840765	0.0516596833981365	0.0254301434766427	0.0483249750562075
Sg_B27_6	-0.527037180106475	-1.23199557850809	0.248255298997025	1.30815995281002	4.35850447599704	0.277833000241783	0.381644608866772	0.00590052728930454	0.0139429940140759	0.00738709424821015	0.0183709377843211
Sg_C03_36	-0.262415678742463	-0.0824403684942707	-0.47479879029149	-0.352694145736682	3.51537151203678	-0.0886444561299829	0.457366023166955	0.44465007734827	0.528165675390265	0.373129158910495	0.452303306256262
Sg_CA11_3	2.49442418240177	2.26725638437518	3.07625391064809	0.569020485588519	3.73378543170284	0.145597388224027	0.436971143666305	0.208721197258723	0.284819236001917	0.205402597627134	0.276719675705502
Sg_CA11_52	0.228444676412914	0.016062166596595	1.06479037251321	1.27487136910448	6.15983298177434	0.187324451388445	0.41493055589937	0.0090364834552351	0.0197928822378537	0.0446467159549999	0.0787127521100549
Sg_CA13_9	0.511893529969739	0.545865694444524	0.438059551292219	-0.102278521393436	3.14238731511946	-0.0283410373601773	0.486545138941732	0.523639267540767	0.602318447216282	0.76293165654587	0.818572892543337
Sg_CA25_14	-0.736331450393989	-0.0803712653952458	-1.30502837166271	-0.985154016448575	4.66881216529292	-0.203358964211102	0.394097222657368	0.000479891476078549	0.00174087761958	0.0122823146069319	0.0274074713722638
Sg_CA25_21	1.43747249875742	1.98396580271126	0.119921097052129	-1.44821129980384	3.66958008900405	-0.371916557390953	0.339843750700409	0.00019814995028919	0.00084182488077235	0.000356318803552642	0.00164041801581393
Sg_CA40A_55	-3.40637591687854	-2.88711808831155	-4.13464694757149	-1.50313665854003	6.5352756408564	-0.23910034277406	0.363064236692105	0.000099755644621094	0.00048753541087633	0.00164915809671769	0.00534793397229628
Sg_CA9_20	1.93004471451866	1.18024074404612	2.98527909618161	1.55447789344643	3.60338357177098	0.416378586122115	0.321327837644478	0.0000438281003647239	0.000247334752875179	0.0000743719808719728	0.000476821017206897
Sg_CB03_44	-5.89563389312337	-6.01542094511818	-5.59872966067885	0.474755870409706	5.02236733600789	0.0758792306869073	0.460286458490182	0.614257425726483	0.67881300100062	0.354755863836462	0.431511424582409
Sg_CD23A_32	1.48918167774246	2.45199621927137	0.615479479733448	-1.41772581684557	3.17419120261728	-0.411368470174278	0.313151042519	0.0000355231636569151	0.00021173991846985	0.0000190587888631108	0.000173889480838991
Sg_CD24A_10	-0.956878448690833	-0.598797970387027	-1.56244537909939	-0.610965904067432	3.64769145568363	-0.154758295446481	0.4299045141695	0.175428540575941	0.245953396972037	0.113751006828474	0.173239933231272
Sg_CD25A_53	-3.84068202998662	-3.48866219267395	-4.44833516519584	-0.946917157457331	4.50314222329327	-0.185814243012427	0.403124322373593	0.0616556725293584	0.0980744554034724	0.0374991815883174	0.067293734133515
Sg_CD26A_19	0.904777920210995	1.12779036839985	0.362613722302366	-0.819901683462763	4.0836756357923	-0.183802787705355	0.418311998593506	0.0294298618961888	0.0526835733911726	0.0675508842973984	0.112714081068254
Sg_CD30A_34	0.0389266561572814	0.18514322454598	-0.474449175322922	-0.957436427521442	3.32270749972072	-0.265815420645048	0.388888889347607	0.0104742745032079	0.0224828819814231	0.0119234282490814	0.0268692054214426
Sg_CE19A_15	2.24436796001765	2.71080818447212	1.41754761206385	-0.963914724692954	3.53943863171656	-0.231777082096799	0.383029514374527	0.0249944848510246	0.046261011867495	0.00796293341083125	0.0195326349583488
Sg_CE19A_24	0.744608893237153	1.17194329433436	0.316690110577385	-0.70132496601086	2.87457195858111	-0.224108900583436	0.393794749839658	0.033414557903725	0.0583971018609631	0.0232973067704547	0.0449731766044155
Sg_CE19A_29	-0.246821930240993	-0.0148181638727403	-0.65077007835489	-0.742057445076795	4.19096069553192	-0.154587124937173	0.428726405145454	0.0514223111871308	0.0844013273176207	0.121646469140082	0.18259283959569
Sg_CE19A_36	1.87453782607737	1.82909684934373	1.94009583797519	0.0772830218243774	1.48767740944828	0.0476127819842008	0.478081597308408	0.508497988291402	0.587963645627803	0.590630161985098	0.670371987683655
Sg_CG50A_49	-1.72268151196093	-1.57568098998986	-2.01621858012023	-0.0842885506975435	4.74866662771823	-0.0163951945399066	0.492187500030668	0.843897571304214	0.882196089592451	0.832327645111673	0.872704511852075
Sg_CG50A_74	1.00821241443638	1.20832272273649	0.738238800712982	-0.48326884792063	4.07947832267411	-0.107124758799513	0.451724886283587	0.259784368725804	0.343381021489248	0.235654345637346	0.310439002279585
Sg_CK05A_18	3.13205750382483	3.39990255246281	2.64407127450462	-0.783003720561507	3.30337631227392	-0.236671664329623	0.396398351476937	0.0174322862229166	0.0345282399971227	0.02033537191436	0.0405566019606374
Sg_CK05A_46	0.424728531234787	0.886287159341175	-0.0203487349986409	-0.983175587458657	2.98210212522708	-0.305612596602483	0.353298611741085	0.000277616608077052	0.00110367169850531	0.000995000152826195	0.00369021087087511
Sg_CK05A_56	-0.391961352406046	-0.461576191529308	-0.321466767570831	0.25374308565403	2.31068527224251	0.0896509170694543	0.454545454725253	0.139018675497604	0.201732590693047	0.326840189451944	0.404582017662816
Sg_CK28A_36	-1.85617145033008	-1.82644334823987	-1.90068465046946	-0.410530721058414	4.53321682611675	-0.0844645602254427	0.455946180729801	0.289936581704357	0.376488381462029	0.36786249243039	0.446371662418516
Sg_CK52A_43	-0.845306937816597	0.40200443067086	-2.10183034106823	-1.68242015577515	4.51026910555823	-0.356217596464368	0.358940972823692	0.000359220195939259	0.00136882281030887	0.00106931369387834	0.00389879358410982
Sg_CK52A_74	0.166848553443921	0.845821636253906	-0.32939466565971	-1.25294831018395	4.08159750271008	-0.285244488869483	0.367187500560802	0.00160768806559595	0.00488321637904205	0.00274419358542445	0.00807871787333067
Sg_CM17_16	-3.12241501614653	-3.81162953982106	-2.52106795261793	0.520401919287399	5.42431257721505	0.0911764487231472	0.459318724395843	0.436290566184711	0.517495977690391	0.334049070504261	0.412286669325801
Sg_CM17_58	0.233528606350235	1.70858335261558	-2.06036287534663	-1.09158024723475	7.53551973720757	-0.163119095944113	0.420789930874425	0.0211671726521056	0.0404493208335925	0.0881524174785538	0.140638000176079
Sg_CM17_7	1.02873179643807	1.96683209648202	0.106102121363962	-1.63007174995995	3.90231808728397	-0.412341518348812	0.332393144589728	0.0000234500583284454	0.00016152351979399	0.000157697986373075	0.000866232154046852
Sg_CM21_57	1.12585510371501	1.20127171916615	1.02650383112179	-0.549225185740124	3.75665904216948	-0.134125378953541	0.439019097465161	0.137962816427283	0.200347489059274	0.164546016317579	0.231855158628291
Sg_CM29A_16	-0.773804112621638	-0.334613553862626	-1.4063576436459	-0.73069542955626	4.05882492215202	-0.173838443170457	0.42243436785355	0.0338655857511054	0.0591158641038916	0.0692976825485692	0.115066564297203
Sg_CM31A_43	-1.38554176826023	-1.91046692925577	-0.688221333148642	1.39332346507734	5.23973008446458	0.245739932848282	0.390842014338729	0.00246492532982171	0.00676333706391844	0.0140200056629485	0.0304906147653168
Sg_CM31A_52	0.463072575888181	0.788385884246671	0.0250275520856604	-0.896760281335034	3.48748379102846	-0.233973040001349	0.389973958787113	0.0135819271420583	0.0280702893429446	0.019300598893349	0.0389488521312892
Sg_CM32A_26	1.75127751049546	2.36700778474829	1.07076900701826	-1.11352330130293	2.42953261611571	-0.423421454777515	0.297309028729687	0.00000444395756719292	0.0000439463018007569	0.00000764364615534776	0.0000974771200409585
Sg_CM32A_49	1.54764145274374	1.54037412037083	1.56766911177432	0.396487333610853	2.16251923676265	0.171705390638261	0.426215278073798	0.0291335369620738	0.0523530816385616	0.0906227031631068	0.14437172150099
Sg_CM33A_60	-0.642111269866406	0.0689839948758202	-1.31101921387986	-1.3686653203733	3.88874341723468	-0.325452650971662	0.347222222883557	0.000125259017351183	0.000584510431452994	0.000720001146096018	0.00286709256285622
Sg_CM35A_15	-0.183890913063799	0.172958471139824	-0.912632878138887	-1.03689944935282	3.66486638719015	-0.261612591723983	0.376654372396327	0.00460160840184348	0.0113019217016886	0.00644502428670197	0.0164010820222824
Sg_D02_32	-0.761860505074363	-1.04687531624047	-0.252318745642818	1.00482067801684	2.90560018823936	0.329764645946559	0.352430556189966	0.000218286903989956	0.000906702994762725	0.000826763454506563	0.00319829307502752
Sg_D02_9	0.736324417410926	-0.0303500927904583	1.44965389586682	1.9928254051961	4.14966276952603	0.449082055309985	0.310045563899717	0.00000179827786647489	0.0000218311037689206	0.0000104329283611099	0.00011951563989443
Sg_D03_78	1.49610023192804	1.64626258805476	1.24839459172738	-0.398956981764166	2.36486165560855	-0.162953664348854	0.422868301459878	0.0246799679011561	0.0458027753712795	0.0796108315364261	0.129401626457933
Sg_D09_14	1.65913783885622	2.1991112387399	1.19514521493894	-0.710069155937153	2.87633099425325	-0.226679131545746	0.405293990404873	0.00648487130165978	0.0150866851701299	0.0237440590948581	0.0456098741717762
Sg_D10_17	1.46429709197206	1.72658514034914	1.18545443551631	-0.397591033339674	3.18435799975788	-0.117261637101158	0.448904317841959	0.360978912283685	0.448204077682315	0.204204690057417	0.275773801239505
Sg_D18_45	-0.817006640702819	-1.77422933914812	2.22478642625906	3.02811320899905	5.4762731463263	0.522981991925702	0.282769098273129	0.000000236645889163219	0.00000889770396962716	0.0000010580621435317	0.0000284467048645228
Sg_E04_12	-1.22129839469173	-1.93941004906457	-0.215899897902116	1.60520222963762	3.82637110291741	0.392866232550012	0.315321181394844	0.0000261077407281001	0.000171504026749006	0.0000293084195095036	0.000233659560666572
Sg_E06_10	-0.175391462324856	0.298095476759025	-0.753462193389576	-1.3063828738248	3.39625654044567	-0.349343150891645	0.333261011801247	0.000227559481766152	0.000939008027505705	0.000203562902728174	0.00105815139500157
Sg_E06_24	-0.118757035905945	0.14042280451169	-0.522765876171239	-0.548733748095854	2.64910861456425	-0.198651882290589	0.417227164577728	0.0536299684258211	0.0874204602216884	0.0441606003906087	0.0779704675365306
Sg_E10_50	3.12027253356387	2.83254328001857	3.93398229919513	0.861018941874916	1.98424863670925	0.424661256817401	0.324869792450093	0.0000213618553841348	0.000154056777532645	0.0000913327332613521	0.000555928148388771
Sg_EA47_17	3.85810926130986	4.670767769557	3.32516206242901	-0.763256797905103	5.34941709040459	-0.143160692156979	0.435452376044009	0.124918685872213	0.184324323616715	0.131379443894223	0.193764617489207
Sg_EA47_9	-0.866551693643277	-1.11694535046024	-0.559229766753258	0.724984376744418	2.38951314438951	0.274496092566578	0.367541766668623	0.00175319931574062	0.00517772762135201	0.00255972974653557	0.00761347612551315
Sg_EA57_9	-2.41722334064579	-3.27709848613921	-1.3466850728771	2.04329184959516	4.55334025046557	0.400575960668441	0.310112848093049	0.00000154243108503877	0.0000200256391588251	0.0000213011929937974	0.000187198647039374
Sg_EA61_27	-0.611888072296975	-0.552777488327313	-0.679901924034005	-0.0812240312263217	2.93065384268674	-0.0234470852799775	0.48914930559816	0.862764214900572	0.897556162233919	0.889472122119094	0.916719774137252
Sg_EB08_12	-4.60647847653935	-5.17831371490435	-3.43946800909441	1.30304298659651	5.60266279643821	0.207869083964654	0.397786458751974	0.0118036411835262	0.0241319338839939	0.0243439185827671	0.0467009473598578
Sg_EB09_7	2.2541193658378	2.39904039245035	1.64742059582828	-0.543824413254928	4.65739584189487	-0.10755461358683	0.457031250169889	0.286378124880632	0.37289431747063	0.284579939194379	0.362268400693505
Sg_EB10_11	-1.14527033985865	-1.09400026959669	-1.31612758090737	-0.514880387377239	4.11889043411016	-0.110542391721764	0.444444444665202	0.145033706619308	0.208268723140158	0.195742452595537	0.26646754040563
Sg_EB13_4	2.67891641937319	2.75272027318875	2.47406490642538	-0.361681816944353	2.97656922549906	-0.114069022310179	0.449652777977394	0.353319477407683	0.441089867537383	0.283036985850667	0.360517148475617
Sg_EB21_10	-1.07882501940903	-1.02814443571189	-1.15597682482821	-0.104565672003346	2.50486446985952	-0.0369033712386913	0.481666305127344	0.945045007526024	0.957906758452849	0.625608412390911	0.702119050217066
Sg_EM03_7	-0.803501280204058	-0.285276534574926	-1.59397031333872	-1.49006479948728	4.61111650919475	-0.302128087098474	0.361762153365206	0.0006251399705873	0.00216658289025465	0.00201504518810227	0.0063275491869031
Sg_EM12_46	-3.44800098628892	-3.15104889340768	-4.08823023960507	-0.975948992233193	3.83715066832999	-0.219695147150625	0.394662617052076	0.00815925103397705	0.0178912037283181	0.0147602387972123	0.0314975781705308
Sg_EM22_6	1.06370852621446	1.05718549271162	1.08916615758351	0.0948377022203983	3.90651410692357	0.0199718561493171	0.488826209633788	0.900622747544377	0.926434880890712	0.813166572748922	0.859622000378794
Sg_EM25_40	0.702247678907591	0.604749367817849	0.78387135449781	0.263955068098454	1.64256104673116	0.149368721760355	0.437717014137176	0.248570342227657	0.330283573627807	0.169394629801033	0.236856759931342
Sg_EM30_38	2.22652578096111	1.96733880533327	2.45046920917525	0.585048819388177	2.61866528385496	0.200613276348436	0.390323280990074	0.0211853524446694	0.0404967094587549	0.0113269405292617	0.0258612810118309
Sg_EM34_4	6.62390107573107	6.97719397088679	6.09768467474707	-1.11105216469264	3.90849129780639	-0.270012305757467	0.378607073623852	0.00375052370437333	0.00954328435815289	0.0040335080323328	0.0110367935490122
Sg_G06_9	-2.03182387251561	-1.7532835419178	-2.14042345924296	-0.328278432233641	6.43820023914834	-0.0477062751166381	0.477326969062874	0.38842526166236	0.474172482878988	0.505691690783902	0.584974682809837
Sg_G09_4	1.95512043145068	2.71690450149889	1.08437414419116	-1.7856646346749	3.91606241325356	-0.422167238232278	0.314236111956905	0.00000782009835312871	0.0000714648155887045	0.0000161336395448015	0.000155974056546397
Sg_G10_35	-2.17322419429089	-2.515362636997	-1.40268261816551	0.893444273062618	3.81184901720274	0.218405909062485	0.389973958787113	0.00691770364957079	0.015831535765251	0.012578606472949	0.0278452341437464
Sg_G18_19	2.19467169558497	2.60130037738345	1.67993790907507	-0.849324409770004	1.80658354294511	-0.426337323183144	0.308810764767725	0.00000163658525934385	0.0000204157377998916	0.0000129116281609455	0.000135654279746295
Sg_G19_41	-0.118069603792444	-0.548649639385305	0.381103736381847	0.767381539426073	2.70847326826837	0.251488411102745	0.38237847271088	0.0141870057874886	0.0290161155463524	0.00581023572186098	0.0150195259270512
Sg_G21_58	-1.36523291853489	-1.68168209786916	-0.977971913560835	0.644142166282327	3.5692314790285	0.161751307135415	0.427641571129587	0.247777954932671	0.327524090598932	0.0841721309828135	0.135314836004675
Sg_G22_16	1.1380404137589	1.542131589284	0.188810579120521	-1.05962248792672	3.99927438963198	-0.24501819053457	0.394011716642762	0.016287991311813	0.0326490021726308	0.0166406323557691	0.0347695201178007
Sg_G26_10	0.882306426684321	1.84368767081676	-0.10159355894699	-1.88951102639046	5.46043042130822	-0.320595326697212	0.361683662987215	0.00186626960873882	0.00544953816963653	0.00148062977344398	0.00499590226820235
Sg_G26_22	-1.25021374267861	-1.03810589826942	-1.9774546804843	-0.781135190894976	3.78341035515291	-0.183704472605991	0.411892361467978	0.0273791995761775	0.0496632213447891	0.0462313589027612	0.0810205805851828
Sg_G29_33	-2.46291736320702	-2.3489419300064	-2.58422579454943	-0.614384704689122	4.22435967749173	-0.13869881694798	0.434678819705254	0.0480809205633092	0.0793480722670873	0.145247531268987	0.209378747152073
Sg_G33_7	-0.241513682781995	0.155670401737523	-0.55464818294842	-0.746326463256018	2.76333281106585	-0.255775927635378	0.392492949021048	0.00955769094683863	0.0208144315577878	0.0123791260345775	0.0276890810668294
Sg_G39_28	3.07029079909536	3.15495337857019	2.57604481329064	-0.918343073377461	6.00808595462615	-0.147573133300177	0.436631944697197	0.0596146320506022	0.0955738911463188	0.130978965259694	0.193327637469925
Sg_G43_29	-1.91238588826819	-1.68610335881733	-2.5685490130704	-0.895451692957082	3.273927126239	-0.255169172941804	0.38433159770184	0.00283271710798898	0.0075590221234528	0.00904379783417339	0.0215343370448707
Sg_G47_17	-1.55062488064848	-1.87463509275308	-1.05642469243685	0.852800762327913	3.60911544609361	0.213531817957892	0.390106314186981	0.0152742300054883	0.0308634394192688	0.0139227839433381	0.0301912475277677
Sg_H04_45	1.40647293039466	1.15778754574605	1.58650367254134	0.402208275268445	3.7985970787399	0.096273634442037	0.450303819641428	0.563193232329241	0.639234103947652	0.299484489952384	0.377221911246883
Sg_I05_27	2.50542722147119	3.82855506780954	1.28160656367434	-2.20570552325536	4.44226087380297	-0.487364235583113	0.296593622132145	0.00000109803293412658	0.0000165649326415439	0.00000399007197703979	0.0000643607332534624
Sg_I06_25	-0.542981700869144	-1.03410326264673	0.291618474148003	1.45316957752248	3.12335760024947	0.422774330430911	0.307224995464105	0.000010886136991053	0.0000913389089741237	0.0000136250969312594	0.000140544560655371
Sg_I07_11	3.67450925648235	3.94566140952137	3.14259221802337	-1.61964512054604	4.54724987057329	-0.336053738775768	0.357421875609088	0.000853377623060662	0.00283055610204081	0.00116917814765782	0.00418037760204124
Sg_I12_32	1.3960913495819	1.5780806330907	1.10730915955807	-0.214979466142228	1.5028485245303	-0.130148369218402	0.436971143666305	0.368565549175024	0.455240368103211	0.14726310816673	0.212115977414355
Sg_I12_44	0.680275030867438	1.23875798170984	-0.0487000122018015	-1.51483074585289	4.56708193998044	-0.318656409083472	0.361762153365206	0.000447619441944565	0.00164654298940438	0.00147143973736422	0.00497548799049942
Sg_I12_6	-0.697250543530122	-0.65719760763974	-0.893770842980936	-0.50790388775765	3.4430953108183	-0.142564666465814	0.438923844894992	0.188253399722553	0.261049034803945	0.207344956208461	0.27915687530901
Sg_K01_5	-1.40146779942149	-1.24703627258459	-1.75988637832193	-0.541253164908396	3.45857618338884	-0.144606203012933	0.432631807602642	0.0643723193555503	0.102119041021869	0.144318635342751	0.208455339356226
Sg_K09_1	-0.948788522655702	-1.36832744713492	-0.576862574604763	1.02433149792996	2.83562001235587	0.338848098928532	0.332031250743065	0.000123809448536704	0.000580214231176319	0.000301013042980953	0.00143197608762845
Sg_K09_61	0.725903892245441	1.00060565894408	0.219731310989205	-0.640084485129019	3.68843739510038	-0.155274806002823	0.428726405145454	0.136396874977253	0.198326904401879	0.112924631272185	0.172645199758632
Sg_K10_28	-2.53591240733055	-3.31922298406542	-1.91185286059207	0.893950291519292	6.52462007247006	0.126157156638486	0.446734649809963	0.261395450944127	0.340679184264055	0.2384157800167	0.312695662017343
Sg_K14_18	-1.91838877340172	-2.33095346312072	-0.65181893069958	1.61445614486354	4.79260474133809	0.31437728115066	0.349099588414358	0.000547833703711323	0.00193723205678843	0.000635930609809736	0.00258269419288651
Sg_K15_44	1.14196283917527	0.409576865736691	2.45301455075805	1.86724416951686	3.67801252592624	0.482992698941122	0.296223959292363	0.00000127207280257866	0.0000179192625255211	0.00000340527815007342	0.0000586967328110372
Sg_K16_50	-2.34919040851109	-3.80976592910679	-0.936669967932577	2.63534242249746	6.76039985451973	0.367629884878258	0.338107639598659	0.000192299894534671	0.000794013370681549	0.000257782233145042	0.00126581502112106
Sg_K16_53	2.3732789088749	2.45961367257044	2.33191705128851	-0.17111372391552	3.58970251071763	-0.0434409311284638	0.481987847293004	0.699390837783654	0.766061953573833	0.73230184554432	0.794574084855916
Sg_K17_22	-0.900680963765466	-0.332939350987395	-1.53141860286374	-1.53825656471345	2.97112478560982	-0.492825919898112	0.279730903850413	0.0000000645425590080528	0.00000778263053724466	0.000000555385127950215	0.0000229033268905017
Sg_K22_66	0.619610182933011	0.622401238334209	0.599811320659634	-0.0115654003996708	1.69396837940223	-0.00646377224934581	0.496744791679442	0.679696482890022	0.747256589909231	0.916735105222154	0.93621512981403
Sg_K22_8	-0.859602109412733	-1.05422581055095	-0.647445377047954	0.967572346765102	3.29059229990476	0.27666855384241	0.378906250504855	0.00128155623731805	0.00403567369881501	0.00582564863146455	0.0150471981178035
Sg_K31_45	-4.27724716159065	-4.04378555030906	-4.60417271026599	-0.345548854649942	3.87422689816037	-0.0737800728924765	0.457582989970164	0.338716152045849	0.424885544231769	0.30913609259995	0.386069641017139
Sg_K32_30	-3.53280924742618	-3.03770012303948	-4.03446792507481	-1.13318092236211	5.35550398785377	-0.168998637273941	0.407986111484886	0.0247424849530456	0.0448476784618718	0.0310697011178372	0.0572535493565584
Sg_K34_1	-0.160071238323353	0.33972307618244	-0.429011556101768	-0.646331412378593	3.08263241174834	-0.172563168369536	0.392492949021048	0.00150745005209555	0.00465159524686748	0.0118517767480234	0.0267389420681917
Sg_K36_16	2.10192554593432	0.920838058594115	4.11771099351649	2.76957603870503	5.57210714360947	0.48584151230202	0.303168403691926	0.00000244260937656668	0.0000268518418339597	0.00000907105424411214	0.000109131530548551
Sg_K36_17	2.35758970822299	2.37257034932282	2.35758970822299	-0.033577631756748	4.49904737879484	-0.00638781261315006	0.496637014549969	0.761965312159411	0.821692002593755	0.956965692329615	0.966056435642329
Sg_K36_27	1.00078213414476	0.61585509256074	1.99501520180416	1.1334430495098	3.80609493998543	0.27549322327352	0.37231503633536	0.0020906103482629	0.00596184749499694	0.00360288150885332	0.0100300493537854
Sg_K36_29	2.46924338499296	1.69254657536806	3.42559763692535	1.43766740890122	3.80696822212437	0.351976739868084	0.341505750311516	0.000413912715113151	0.00153957265578117	0.000473667291925934	0.00205776491984668
Sg_K36_3	-0.625571905685105	-0.0676886732780959	-1.5538825053936	-1.5229424621649	3.88202389323707	-0.343487618923245	0.333911912209897	0.00227758729292389	0.00637914850032217	0.000240668590900287	0.00120507690947018
Sg_K36_6	1.22986373290227	1.21699289510193	1.27068098832223	0.047524496586993	2.31338282796734	0.0163255751758427	0.490344977256376	0.800313544072724	0.852476421970874	0.838335588195925	0.878573563387006
Sg_K40_4	0.0696439899499905	1.10942657630701	-0.904641213217967	-1.92896793490735	4.70214739526361	-0.368887560344648	0.334562812618557	0.0000463357654355124	0.000258507530761096	0.000263500179807325	0.00129447860441499
Sg_K46_34	1.03041394334049	0.815952215235368	1.46751088096508	0.633738091458087	4.82420853969785	0.116921268295957	0.443576389113185	0.499708313677842	0.579144559289127	0.175189002437754	0.243372704198156
Sg_M01_13	-1.09829220904701	-0.588817496257059	-1.98985561808559	-1.24614864390007	5.15301669867658	-0.233451931750798	0.386067708804958	0.00749806510594552	0.0168068345297659	0.00859991021318128	0.0207907046675821
Sg_M01_30	0.497300725471939	0.845489702458155	-0.372744813554503	-0.987241928703425	3.02876563313939	-0.296071366897109	0.363715278355565	0.000656654648139596	0.00225884644798091	0.00173462350253897	0.00563184495768644
Sg_M02_37	-0.919032582805766	-0.862007954707766	-1.16082489052481	-0.343187571484551	3.82449466735889	-0.0821975429069279	0.462890625146446	0.457124164680323	0.539508236279673	0.427294890689133	0.505484768832072
Sg_M02_5	-2.18198150510299	-2.69428741042992	-0.727065869219995	1.97717130244973	3.73397538541828	0.48040779450533	0.282273813160714	0.000000420049694805956	0.0000105695458260465	0.000000770929381972812	0.0000252549595674927
Sg_M03_37	-1.803116643219	-2.07030528655649	-1.4099832001434	0.761649166104032	2.3893273350417	0.274154963797789	0.351486223246917	0.000561650616159913	0.00197639562273643	0.00097785668133029	0.00359702661153045
Sg_M03_38	-5.58964981999647	-5.39963688234486	-5.85380104715631	-0.503803499263916	3.76679328281423	-0.110462338421942	0.44270833356117	0.206478122605988	0.277034391746187	0.179996152258197	0.24535123778547
Sg_M07_27	-2.81217443757546	-2.47374034519795	-4.02489911023957	-1.39655625779729	3.53682030673357	-0.325706102083682	0.323714472475546	0.000219311841494276	0.000895192339780462	0.0000509027798950828	0.000351100916212765
Sg_M07_39	-0.98576930535586	0.534807124088586	-2.75079801590328	-2.75114213207445	5.96670001904561	-0.438805370199672	0.312717014743847	0.0000231512571169656	0.0001566728136301	0.0000287755647473558	0.000228757538719049
Sg_M07_4	-1.13440812942361	-0.865501645388118	-1.95670174014761	-1.36306928647071	5.69208755525915	-0.230739313679526	0.387586806020218	0.0191771910075636	0.0369439474436788	0.0149504963326573	0.0319949142409345
Sg_M08_36	1.47176207151351	1.35356248411168	1.67434901351774	0.0648116098619527	3.26542785096138	0.0201514517298432	0.493055555582815	0.776175983838776	0.833699206496131	0.770641212704719	0.825605956918188
Sg_M11_5	1.32994313942428	1.66676225029516	0.747758159053178	-1.27497739525925	4.22056519090118	-0.283377285839183	0.375000000523278	0.00264254761666044	0.00717684525916504	0.00496805609813142	0.0132090987214162
Sg_M11_7	-2.07026904943692	-1.0636309602831	-2.618272066688	-1.07321114699275	3.85421503855067	-0.268032518863306	0.364938165032373	0.00000356152434024556	0.0000364747001936504	0.00158409667481737	0.0052259233860307
Sg_M12_21	4.92231211649706	5.09694085783388	4.37637223921975	-0.246716561785388	3.75033122778123	-0.0591358000975833	0.473741319547784	0.626552127528199	0.699214356903995	0.539124130222309	0.620418019226794
Sg_M12_39	4.00091052998298	4.42484135662594	3.28569284300733	-1.1088020061299	3.55348193664511	-0.305575981806447	0.372612847756868	0.00177481589609084	0.00527836646315164	0.00291740169836493	0.0084593618580632
Sg_M12_6	1.99762056230848	0.955037138237843	4.25017331238907	2.32012609271031	4.38943308545465	0.519923633545997	0.279019311122876	0.000000227267103816884	0.00000887251595538949	0.000000568817682844051	0.0000227549290896442
Sg_M15_10	1.11801680344304	1.41622958162938	0.0994506566361908	-0.986223017634939	3.59653106226597	-0.267813274806162	0.393012153217807	0.00565437761394164	0.0134805995814757	0.0128089468190387	0.0284816453036806
Sg_M15_29	-0.140425654956763	-0.0092596030579033	-0.737235038673703	-0.610945349520525	3.31389188955759	-0.164361500315981	0.432291666937358	0.082889069187117	0.127565402149099	0.11362112362144	0.173143634492803
Sg_M17_3	-0.0537826267319286	0.662693074510063	-0.650632535402169	-0.889808669432095	3.78983023326369	-0.228301379965128	0.395313517461395	0.00704660569615234	0.0161318330192178	0.0226247085667485	0.0440087660316821
Sg_M17_33	-0.508395674656865	0.245650781937857	-1.6250140201796	-1.19325843505763	4.73192647560109	-0.244798314794417	0.39704925188627	0.0194400978219489	0.0376675258774296	0.0161169517761738	0.0338987729553099
Sg_OA11r1_10	1.3144715056345	1.20933941032591	1.47296329086796	0.350194285743114	2.00389575908843	0.160789529879209	0.415798611451212	0.0350375088878947	0.0607990512897381	0.0602244066395052	0.10189974867433
Sg_OA11r1_12	-1.67771501460315	-1.61553190974455	-1.85543021016984	0.00572212370766945	4.7632205888781	0.00107368655923029	0.499023649385475	0.912856995643148	0.935998202125628	0.921454350512464	0.939874193117475
Sg_OA11r1_9	-2.2876658663043	-2.76374326430048	-0.837306351865382	1.83950464044713	3.48220645444436	0.474641874580173	0.276041667766211	0.00000116625900308192	0.0000170103772233645	0.00000048779837266404	0.0000229581021939256
Sg_OA7r2_4	-5.02937039621751	-4.7284082610763	-5.40731404490059	-0.815782143522163	4.84536231895077	-0.136760412330107	0.414623562939903	0.0752427193064336	0.115973544862682	0.0678095499328724	0.110554632959369
Sg_OB03r2_1	-5.46180546724792	-5.28034415580949	-5.72714117449549	-0.240671324311826	7.27664869487606	-0.0289609612546046	0.483402039553142	0.81089717641406	0.854253054395797	0.699698369514858	0.760723595063826
Sg_OB03r2_39	-0.497359109262908	-1.34213673378246	0.859478279483821	2.18699420291948	4.02669727110373	0.511282389412188	0.287914950027318	0.000000114261126841529	0.0000082608527480681	0.00000126262528031511	0.0000313219500229182
Sg_OB03r2_6	-2.42566617845878	-2.94798241583908	-1.85467370353228	1.41138296941176	5.2229545737808	0.254411789069499	0.375217014411138	0.00439837325188448	0.0108635708192033	0.00316838432105349	0.00903962652591844
Sg_OB05r2_32	-0.118052944784091	-0.328437296337929	0.459723274195319	0.560905046860445	4.75877951644834	0.113441625288065	0.45377604184964	0.307069625177512	0.393901063090661	0.268114427245719	0.345194800764101
Sg_OB05r2_38	1.72164742536285	0.941772460658248	2.91167115320462	1.85702225104252	4.19864870184553	0.406573823682377	0.317274306383216	0.0000142284538369145	0.000112209849376944	0.0000432305641923265	0.000314051281885885
Sg_OB05r2_8	-0.39466506192676	-0.408039957871731	-0.38524557270276	-0.274935751062748	3.30377695570151	-0.0727907287946262	0.466261662098676	0.29869009784068	0.385417486018097	0.431208139907927	0.509127768759777
Sg_OB24r1_18	3.06299977427232	2.48767110422149	4.19154821210934	1.87013137600789	3.57799485201609	0.495266068428937	0.286458334358361	0.000000862597609613755	0.0000152957699447652	0.00000244492158162169	0.0000479890291327612
Sg_OG24B2A_25	2.8979536730227	2.74735822418327	2.98206725571285	0.502575866351696	2.81546284810494	0.166399219677397	0.433593750265297	0.0611571134914438	0.0976613839299066	0.107720968274044	0.166227922413076
Sg_OG24B2A_8	0.115150507650353	0.494939615686716	-0.746025569316613	-1.13854618411379	3.28698039092056	-0.324663956169731	0.351486223246917	0.00110739456543042	0.00355432697386149	0.00102151007693784	0.00377378173969557
Sg_OM21r1_55	-0.721398224598282	0.634814232298641	-1.51497400582706	-1.76999240788035	4.87791515474423	-0.331220128242766	0.344326318749578	0.000122208227476183	0.000575436102695421	0.000342527092113609	0.00158673135502914
Sg_P15_12	-3.64146444629878	-4.0144938665063	-3.02345464154935	1.04115796663003	2.7812707629747	0.31796546553729	0.349826389536695	0.00513690702503599	0.0122846009310623	0.000556185349929105	0.00227188960017562
Sg_P15_2	2.08359127059681	2.0804333077456	2.09193470315527	0.162908506304626	3.04650489688464	0.0463095966172271	0.478298611196441	0.437874899372331	0.521777417193413	0.652065760209584	0.726329833594269
Sg_P15_21	2.06676767973299	1.80034251002944	2.3973545293513	0.591663319923804	3.48802517390277	0.164203163557725	0.430989583609431	0.35689173620076	0.444061856739385	0.15836847942396	0.224671527262334
Sg_P22_10	-0.461857417224255	-0.131268584001796	-0.85340318047805	-0.849344096392024	4.10269957039337	-0.202070383423181	0.404947917053694	0.0213463715330945	0.040682370064113	0.0353389068757742	0.0642200833818369
Sg_P22_13	-1.86928970356591	-1.86097392036861	-1.92809987169046	0.386994758102357	6.33354829733107	0.0564016867000784	0.475374267833875	0.517869555515073	0.595106276478061	0.655107172988328	0.728253876005853
Sg_P23_1	-0.895978297512245	-0.727552567462708	-1.11712687830878	-0.619103174662295	3.06893708064986	-0.191376962360718	0.416883680891023	0.0666881433969826	0.105374781912273	0.0953352609073962	0.150173866618508
Sg_P27_36	-0.858726993705749	-2.08803618209035	1.1504768292981	2.76765140308587	5.41989570793464	0.478970586265684	0.296657987067288	0.00000222076773800234	0.0000252577849444542	0.00000528797074459273	0.0000767078514514099
Sg_P27_4	0.0758115329033391	-0.00268057171719871	0.212155131351867	-0.106130523707616	2.65421245756921	-0.0332119493909435	0.48752440881443	0.472852431276435	0.554445369536826	0.765626208327285	0.821145888804661
Sg_P30_9	2.17497563405385	2.12729842049458	2.21317928762847	0.213517368373498	2.08933327467164	0.0935946239012209	0.455078125177734	0.519731882779234	0.598578491533595	0.33779813494181	0.416127926171771
Sg_X05_12	-0.0927431074459895	0.366050310458626	-0.676989319169206	-0.938023018761826	3.61227544913111	-0.250097440611856	0.390757214596265	0.00716709181674783	0.0163537103781978	0.0126306478265356	0.0280728770575788
Sg_X05_3	0.694857622882402	-0.0334148562229668	1.42742208752543	0.772735675909556	6.35570957734144	0.114407123243776	0.455196355134874	0.449737453580979	0.532606143262683	0.349321618178343	0.428232247781387
Sg_Y07_14	-0.312756584613011	-0.71766239610562	0.344737453565911	0.780744627104573	3.23313239105382	0.221982040480638	0.403341289176718	0.0497863677531888	0.0808656484682882	0.0239451841765716	0.0459649277721258
Sg_Y19_10	0.0227272159078789	0.0692254143831255	-0.025135465584337	-0.586353878469076	3.93958324084405	-0.138933752168009	0.437839010879051	0.119980016658372	0.177874446174583	0.185256854592752	0.25469911172075
Sg_Y19_13	0.0297782510740472	0.353236859462708	-0.582748822761131	-0.984378951656426	4.11676483834682	-0.223757088782367	0.403341289176718	0.0169114108035678	0.033630046562016	0.0215920067214117	0.0424232362445664
Sg_YA03_20	1.17041993549489	1.38817945955827	1.04117538929788	-0.290953265454532	1.62373034391702	-0.160533941020151	0.422309028090226	0.117663146053041	0.174983865516023	0.0732189683775273	0.120592972763024
Sg_YA04_9	-0.473871049727879	-0.814998307668286	0.286044142718229	0.990639334913228	3.83940431059547	0.231853192945151	0.396615318280048	0.00847231503343922	0.0187735821798764	0.0204960658071629	0.0407488819331634
Sg_YA12_28	1.58291584282879	1.40887769444378	2.09023976301086	0.623927157009112	1.56325231379931	0.357870706999046	0.337673611823232	0.000108953499271544	0.000529302149929667	0.000272684073482116	0.00132981729112559
Sg_YA12_4	0.651557408118761	-1.08121059131853	2.91848379180333	2.84758239054424	6.10408884754025	0.432207839225277	0.304687500904543	0.00000093324414612372	0.0000155346945000185	0.0000061530645079715	0.0000846683317386174
Sg_YA13_10	0.894765460160238	0.657068398395655	1.04611563392816	0.492237148841149	2.57884361019796	0.168146461929021	0.412236928105283	0.0556004788110445	0.090259306439183	0.0458982965969249	0.0805947509633509
Sg_YA31_31	-1.17874584425011	-1.58152306985739	-0.778586779698364	0.620814831830917	5.0252632477875	0.120798493928053	0.446300716203568	0.23561068243442	0.315437881591888	0.240685560217194	0.315705866075089
Sg_YB34_1	-1.37643036240805	-2.16192302591521	-0.828705946016412	1.49546105626326	3.51363170424815	0.385855386759789	0.323280538869886	0.000203640378185476	0.000760890117623217	0.0000622586764572875	0.000414834735036526
Sg_YB35_19	-0.0786039985102018	-0.900161668889779	1.08719751104292	1.7770141388269	3.60013699822015	0.471341218793622	0.297309028729687	0.00000105851848883704	0.0000163474969370574	0.00000615706372084237	0.0000842792622202317
Sg_YB35_7	-0.51054211609277	-0.461834535349805	-0.615939171043069	-0.0617363888253246	2.94071311871711	-0.0204812588907105	0.491212844469283	0.860797336508677	0.897901101259013	0.881189582714582	0.910586589727453
Sg_YB36_42	2.50731967112322	2.134658787443	3.43180105624756	1.13334655699845	2.58776084132051	0.401840361050494	0.314167933152194	0.0000230065033773672	0.000159417352411222	0.0000266183816264303	0.000217225186325077
Sg_YB37_28	0.958824059721761	0.459970850196238	1.58890937919199	1.25372763795045	2.29827151615532	0.517422911640298	0.281032987174387	0.000000149146461739147	0.00000838236858788082	0.000000584469598814044	0.0000229613676365622
Sg_YB37_7	1.27047278815646	1.34623855808425	1.17810977057303	-0.187163476018141	2.07033739222554	-0.086250606039508	0.458667823986212	0.323188693621541	0.411407774899504	0.359817678553499	0.438875135747964
Sg_YB38_12	1.10199060397825	0.886355031997493	1.67523717631379	0.84600759079775	2.37693897610163	0.312366065359999	0.3370225701601	0.000457614854692019	0.00167530710360664	0.000438396055127475	0.0019332563602327
Sg_YB38_21	-0.311769937387585	0.00196265507892868	-0.665051347702888	-0.542082748428621	3.22797093204288	-0.151187808929938	0.41818576421881	0.0699555979527874	0.109603909964076	0.0731645358947249	0.120452683761403
Sg_YB38_6	-0.139512459932254	-0.997925601576076	0.927220187116361	2.14464839326309	5.33032743963633	0.37522887214706	0.332899306293813	0.0000784716960025836	0.000400065755309521	0.000154850992816617	0.000851696799033995
Sg_YB39_24	1.21095071647323	1.09237927957686	1.55847388071271	0.427386367084598	1.83857876938032	0.205589906348486	0.401605554751724	0.0115937217218187	0.0245533449618387	0.02508613934324	0.0477612992242404
Sg_YB41_11	-0.641255534218584	-0.921720098424231	0.235171368697912	1.1355370032646	2.85295626393188	0.375615849653836	0.323714472475546	0.0000198103799025088	0.000144729910081591	0.0000716214992573481	0.000461071304276946
Sg_YB41_12	-3.55186449948434	-3.56980415686619	-3.46260332110998	0.0911569339378921	6.12773837457074	0.0135020616234725	0.493055555582815	0.413048187902677	0.498229953446304	0.753796888174457	0.810462797337835
Sg_YB46_3	0.364638172648054	0.364356877230464	0.365137797039438	-0.0408710659438727	2.4349810308822	-0.0163783371472334	0.492514645288646	0.924714095313296	0.943413869782954	0.877988046157059	0.908595104466622
Sg_YB50_23	-3.96223984288528	-3.61687386359382	-4.4468724890923	-0.589343666422916	5.1482983004893	-0.101120844104018	0.450857019070774	0.243807978196026	0.32076664893019	0.224194212792964	0.296960761538266
Sg_YB59_31	1.05573744185578	1.16296764351018	0.971952220639777	-0.0540025863334437	1.59686078872704	-0.0278183264832029	0.485460069501556	0.822541106805577	0.869061008043616	0.703049763685513	0.770048264485997
Sg_Z02_43	2.32565400014943	2.3773899345832	1.99669456998223	-0.349477860215339	3.96085424137345	-0.0858636701618269	0.463541666810515	0.352120566075136	0.439802145221766	0.392464984132945	0.470799233841095
Sg_Z03_24	3.06972677111387	3.48739305436515	1.64719685815986	-1.63392896474931	4.3269333669162	-0.352249615514051	0.348741320097872	0.0001138305511516	0.000543122080608442	0.000495986736821161	0.00213437873587292
Sg_Z06_28	1.24214881922294	1.50555142042536	0.970596444219724	-0.447148021859221	3.9521118273484	-0.112511018026847	0.450206118661168	0.1716221075615	0.241835638603191	0.255627879845827	0.332095845108616
Sg_Z07_36	-0.560782939599895	1.08749582890126	-2.4598699112109	-1.84864903422181	6.58419904442164	-0.278321104566459	0.374565972747561	0.00432055775381503	0.0106807807479898	0.0050326597025666	0.0133101417233571
Sg_Z07_42	0.707105130913652	-0.0865978275157584	2.03561115718247	1.68440103098612	4.93854623376019	0.320192386145148	0.358863094548224	0.000181830139573454	0.000783642653381252	0.00062915563030143	0.00258174510748671
Sg_Z09_20	1.58537581785375	1.30629712178113	1.76279628147082	0.650417101408333	2.087788603777	0.290289428928885	0.367187500560802	0.0040031162395573	0.0100681407617056	0.00300204465171606	0.00866391685632291
Sg_Z10_1	1.40841727813076	1.04888989161505	1.70824728046173	0.842585756044341	1.93063320248878	0.419776097480857	0.321110870841661	0.0000204392697622272	0.000150234047745437	0.0000484446769385013	0.000341298434471423
Sg_Z12_45	-0.0571702113399368	-1.00558289748896	0.92048779548255	2.18784379447937	4.56411572001265	0.44671014825008	0.303819445354468	0.00000130305796699954	0.0000181976589981129	0.0000159936685865226	0.000155281472184481
Sg_Z14_36	0.582351403414989	0.743067303086816	-0.167221691942648	-0.817125513339048	2.87345697243996	-0.268042445232952	0.388804513368428	0.00753301997258557	0.0170470467632292	0.00832905844133198	0.0202576311036246
Sg_Z14_45	-0.970321097670682	-1.0695276052872	-0.844966558900468	-0.310617021931953	3.89958851999835	-0.0769780757848071	0.467780429721193	0.428799287242051	0.513450553077552	0.501858234268834	0.581540391064398
Sg_Z14_58	1.33404673555052	1.27845504170736	1.41068210943956	0.133249775672904	4.00700672304148	0.0302330505312095	0.484703840372493	0.868703785406898	0.90236495430963	0.75053249112236	0.80941715337441
Sg_Z15_39	1.36157311364017	1.91261681430491	0.474134774390897	-0.998746111962332	3.47478744832214	-0.263502593188549	0.382812500486645	0.00964331884462236	0.0209841349249555	0.00868155899384805	0.0209449318166788
Sg_Z15_51	-1.91514136910209	-2.29584932328106	-1.52221422456604	0.940233783491329	4.50962410142817	0.190977780147219	0.387719679352984	0.0147748444315154	0.0300324635042715	0.0121873873111453	0.0271609385799368
Sg_Z17_26	0.493593556810771	0.937477538108531	-0.707110503022132	-2.07080755663396	5.83875005188432	-0.323022012514585	0.362413195028652	0.000928775293247911	0.00299905466120507	0.00154178420372123	0.00515412279188764
Gp_MJ2_113	0.540490163256711	0.740384420148369	0.301521100142744	-0.41819587796662	2.26092724623884	-0.165879692771291	0.425781250297841	0.168284443520594	0.237637696395426	0.0747362012704827	0.1226622758698
Gp_MJ1_12	0.337423436108904	-0.0905749580829118	1.08446084032716	1.10002512760853	2.57199201315189	0.411576840621342	0.313517032743875	0.0000239580618378358	0.000162955833995878	0.0000526123370054507	0.000364959724601597
Gp_YAB_339	-0.447540415959398	-0.401292243832033	-0.555762694740388	-0.248298768789962	4.21113454599605	-0.0536653482245598	0.475374267833875	0.537731988810544	0.615809320608827	0.682516599812725	0.75279205669495
Gp_MJ4_65	-6.4876112559696	-6.59872471401435	-6.31897302488138	0.495604386267158	4.6020012435771	0.0891688058512	0.450206118661168	0.219719469880905	0.290169023631102	0.292867285089443	0.366098566794965
Gp_YAB_333	-4.39420875155694	-4.11999217870462	-4.82017474895945	-0.507619557077382	4.3091717860701	-0.0989870270337223	0.438272944485427	0.665747181342035	0.730413584500187	0.193217059653349	0.262069441507384
Gp_MJ1_272	-2.80781131883397	-3.14053705007169	-2.33236956999247	0.851127876122403	2.62709106773584	0.285381491948521	0.361032762578205	0.000240630103290294	0.000976361173431585	0.00163271699777139	0.00532705212582459
Sg_A17_17	1.86816335129851	1.74174835674277	2.34793335075098	0.373760774278066	3.4699182880922	0.100691198651797	0.456814236281871	0.18170873393154	0.253785080244307	0.295129124231031	0.372785366490752
Gp_NH_148	-1.68230022183777	-2.42709120089723	-0.06638270826521	2.15107515302086	4.08938861691325	0.48658609244096	0.287326389907905	0.000000607878843884332	0.0000124044679138992	0.0000025477645525	0.0000483202779645001
Gp_meta27_16	-0.706076306417751	-1.65257302868471	0.511246435946624	1.98072027249768	4.32432203662914	0.43718475633039	0.312649165532803	0.00000738008853980041	0.0000674494277276238	0.000017291681596723	0.000162671531309127
Gp_MJ1_444	-0.503174396913031	-0.821723367946537	0.0897745626417432	0.916519049924545	2.21734247927908	0.380368324495366	0.329138642546694	0.0000367084975655069	0.000217175032804185	0.0000900980848523924	0.00054876793803425
Sg_A19_12	2.21590051779772	1.98994645903984	2.5286523535152	0.633684292108501	2.7555679237401	0.20554679851039	0.414496528123452	0.0405684343163436	0.0689501093979532	0.0528338117033399	0.0909512512807621
Sg_A19_51	0.763908046066053	0.799677441164787	0.683213676475613	-0.0922401938642041	2.09982729399453	-0.0394237785785479	0.48111979174087	0.666895507593726	0.736600674201836	0.689309906907866	0.757739126842401
Sg_B07_12	0.0992942351767461	0.17509795887652	-0.072643832388156	-0.628189381921364	3.55778182006884	-0.163230611067292	0.425347222521884	0.0532126246338465	0.0869452706191692	0.111090924355511	0.170270780929277
Gp_MJ3_423	-2.1742884874182	-2.67600868744398	-1.19559785913832	1.43301779045644	4.58123766776871	0.292442909635744	0.367324799865598	0.00316540974264836	0.00827814204605859	0.00329929380419964	0.00934345577669872
Sg_A33_4	-2.04375036941779	-2.44497657012791	-1.35168261810231	1.23100042965651	6.04071428410207	0.199842686423173	0.404860056798613	0.0143193947272275	0.0291502521851003	0.0342234344342891	0.0623897218776488
Sg_C02_30	0.340595509120016	-0.184946982278443	1.17562486084165	0.858301183616746	4.89546333337742	0.169516773972179	0.428726405145454	0.291454052324228	0.373297212585361	0.11003313682571	0.169016659673151
Sg_C14_34	0.63166785400865	0.571679536489051	0.770408645691218	-0.00233049692917087	5.25938703080042	-0.000702975757121398	0.499674549795158	0.927609083465053	0.946156573423128	0.88736753425359	0.915568295611066
Sg_A11_10	0.781787716462071	-0.0769051891227761	1.73137441485871	1.73824223176743	3.25980460337729	0.51748674488964	0.287109376020516	0.000000398517564716801	0.0000105369184264431	0.00000137229178441409	0.0000327501582688392
Sg_A19_36	-5.34684734563623	-5.25904551501477	-5.46708231243849	0.243493519221668	6.04016612702624	0.0355104856082887	0.480468750076769	0.468824807728908	0.546260349512448	0.653018432019508	0.719571315215263
Sg_C04_33	0.172056597157622	0.669677339584881	-0.869684710108603	-1.42267388998449	3.86308587865808	-0.33959340896418	0.34671295358191	0.00019582218248071	0.000833055762500764	0.00076733735140158	0.00302186601767239
Sg_CM21_15	-1.22650585545077	-0.748357126656622	-2.05388358355269	-1.35381459133043	4.47060812598564	-0.278297916578575	0.368706597775654	0.00185039485594613	0.00538291889973128	0.00270530007928311	0.00796018095029394
Sg_B26_4	-0.805316534324864	0.0549685046350543	-1.46464531364598	-1.26644333516235	3.17042339927731	-0.385280854026813	0.334201389619967	0.0000227032297508156	0.000158568513826925	0.000154113504189771	0.000844779572342181
Sg_CG50A_22	0.491487728457037	0.928936792185193	0.108593847803945	-0.740289271566756	2.1664652511022	-0.295463638657375	0.358723958935889	0.000043447027115502	0.000244965150533512	0.00196215646430766	0.00619893225906956
Sg_B19_40	-1.12142449892028	-1.01470340018175	-1.34425972389291	-0.324253471171768	4.15154428324212	-0.0764109241517284	0.466145833466809	0.228233158124878	0.306390906379736	0.408596988798371	0.486980128834799
Sg_CB03_47	0.999080144526564	1.08359754465298	0.820901820004631	-0.308600428127603	1.45217860547055	-0.193348963621892	0.400303753933	0.0450338204854263	0.0753897068809276	0.0326741306024476	0.0599314372154486
Sg_A34_19	-0.842447555260751	-0.981668606099999	-0.397007813156338	0.707327215343625	2.92641668114381	0.206342179753349	0.395182292096942	0.0254186951557476	0.0463055298259256	0.0169069252275502	0.0351228283658824
Sg_CK51A_47	1.18772010012771	1.16790402906218	1.23982392353934	-0.00657676130772611	1.6739339520471	-0.00442521305911909	0.498372748975792	0.963409398711395	0.971275717876596	0.936513886516666	0.950689634733427
Sg_EB03_22	-3.28221595849057	-3.84411919018788	-1.83294134881241	1.72030279135245	6.28938482198726	0.275059072818171	0.376736111626174	0.00302700269669008	0.00795159483642605	0.00610527189458229	0.0155598785556446
Gp_meta27_511	0.28424101497149	0.445180403040933	0.0946043205933744	-0.377055609563368	2.30696251486225	-0.143722051402613	0.428292471539106	0.215528634440639	0.29248011472658	0.120974629982438	0.181797274286118
Sg_CD23A_20	2.13211770729517	2.10672379217437	2.19371716976365	0.0115226487318409	1.4295144137811	0.00757267584890155	0.496203080943514	0.758744340864156	0.818886735453579	0.942259157882978	0.955420830006462
Sg_A01_16	-5.07192384878729	-4.83028096544503	-5.33377435580828	-0.383138549104221	6.34280211409761	-0.0579735729087024	0.473855500211326	0.605570307437618	0.674442539998025	0.597310146462754	0.669129054118235
Sg_B26_35	-0.507562051578675	0.92926447474791	-2.49003847645935	-1.58279701947298	5.91890962462865	-0.27944035244842	0.371013235517124	0.00287498610689033	0.00765932156589996	0.00324603776485034	0.00923287621168636
Sg_G11_20	-3.06781251109983	-1.71936599903845	-3.98649649579	-1.29139384995722	6.79177719559203	-0.19418974717403	0.390974181399361	0.0301604066018924	0.0536440213949409	0.0222721970340894	0.0434231881634691
Sg_CM33A_9	2.92827882724089	3.0299732028317	2.82477580365324	-0.0700411354475996	1.55557314637361	-0.0393896455321232	0.479496637095104	0.882898856038134	0.914198638060272	0.631640219275119	0.708581281046538
Sg_M02_8	-1.3551217376191	-1.6980810379797	-0.545505231117493	1.01568699218396	3.01645155123728	0.313864508730518	0.360381862169203	0.00168133844829234	0.00502773306666277	0.00215152865079964	0.00664769341654632
Sg_G18_1	2.37183936349349	2.99261451729513	0.831840301565214	-2.25246424187907	5.7627858273012	-0.378541558146948	0.330657410166745	0.000188487647531649	0.000808509866136163	0.0000989936804572226	0.000592245212444832
Sg_CA11_45	-1.13527765945157	-1.04807361231383	-1.17038615823526	0.374510014961015	5.43147393189343	0.0658307549483732	0.461054458821536	0.589490403484654	0.664328796905283	0.42193324050055	0.499891218536482
Sg_M21_45	-0.235911872514078	-0.388989136731288	-0.0226462191585179	0.499924127841878	2.62672087546015	0.152621732200594	0.41679323097142	0.100021411540797	0.1510183448937	0.0446708992508685	0.0786378933847774
