	rab.all	rab.win.E	rab.win.Y	diff.btw	diff.win	effect	overlap	we.ep	we.eBH	wi.ep	wi.eBH
Gp_MJ3_477	1.01309883727442	1.01966443834195	0.989343683888463	-0.04032632574802	2.059251590308	-0.0163943267919105	0.491586538502064	0.730317609464443	0.810724136766199	0.87275562633009	0.914763144500481
Gp_MJ4_197	-0.756601269171201	-1.61097987861623	0.216582992606074	1.91933882026163	5.22648541219979	0.343982760881315	0.347836539269054	0.000405820527475419	0.00341603908132032	0.00235618551564014	0.00945725649361837
Sg_A11_12	-0.426883496667478	0.0364058193692376	-0.907783037874582	-1.06744799821543	4.50679391740812	-0.209661986932063	0.393509615921774	0.0914554576937497	0.164232152187104	0.0334257474237034	0.0687622482089663
Sg_A11_2	0.877727452199927	1.81201010163125	-0.248910956406498	-1.89322984626212	4.79683824557107	-0.360887156241862	0.344951923902974	0.00301350173599053	0.0109882676918221	0.00229610075905818	0.00930312099015632
Sg_A19_11	-3.54950901910411	-4.1967378803082	-3.03786354364844	1.14578788184913	4.67644516885227	0.219161920753071	0.398461908704878	0.0473542602088182	0.094788750663563	0.0466993785155961	0.0894026006175873
Sg_A20_2	-2.21384827122127	-1.52802032963481	-3.05230621240488	-0.614608120350796	4.75669246354361	-0.116921857291295	0.448076923329679	0.388110494917919	0.506330427908472	0.30170637389388	0.419957020643516
Sg_A20_35	-4.08326932905328	-3.94235834051716	-4.15123094435303	0.0215703233860314	6.23214571768068	0.00312886322137334	0.498678202361565	0.848049084560075	0.894046349890981	0.888171713628009	0.924209165800344
Sg_A22_19	0.389594854381164	0.21838571470194	0.486626561626686	-0.0703879408511758	4.01254650477554	-0.015190188415959	0.492189377591075	0.450287181841831	0.562455341569554	0.83586673161977	0.887278956705268
Sg_A22_3	-3.79846910600731	-3.91939553562056	-3.71252418334077	0.255585461459938	3.42766434996641	0.0673035137642673	0.465865384780526	0.442752290761178	0.554437811039559	0.46784497828945	0.579927440043776
Sg_A22_8	6.02029108038105	5.40526425013725	6.71454209618252	1.40760020716504	3.76848391602324	0.342039088471811	0.348798077724459	0.00236862319794833	0.00946755823532435	0.00290674542928664	0.0107313205852426
Sg_A27_23	-1.22404710828855	-1.21868756626831	-1.23464173672708	-0.182113541047451	4.95365970275568	-0.0322114119828507	0.48449891860388	0.853714575327788	0.899400831272896	0.790685337939547	0.854085720347817
Sg_A27_31	3.50598657008728	3.31827783898711	4.57156122123483	1.48819434830849	3.96787777753943	0.357398819593089	0.341985100580566	0.00149913571350786	0.00735542077675614	0.00213070196033245	0.00892197555992369
Sg_A28_8	-0.0511225355947511	-0.00797619915146974	-0.175316404704492	-0.623387534915742	7.09141674624797	-0.0849642880474482	0.457932692511707	0.297626069630408	0.418605143732891	0.405574049196557	0.521997586816143
Sg_B03_29	0.57812914329977	1.5903670878716	-0.237651317459604	-1.24044945403001	5.09929686361837	-0.238896161226513	0.386685893389145	0.0188309127511133	0.0446033663754907	0.0261743747557763	0.0564949937637247
Sg_B04_2	4.1097731476218	3.07621569610248	5.23308715370775	1.67888549218296	4.31349979672202	0.381765134695337	0.335336539350917	0.000915766765755058	0.00547750235521991	0.00117159500711768	0.00611838274549791
Sg_B07_38	-1.06730881380279	-0.77691393888828	-1.25617016937539	-0.265945446665958	2.25951709604893	-0.102937362226913	0.450000000243202	0.169303125341021	0.2770014155632	0.257739477594934	0.371490707917555
Sg_B07_50	-3.34888489691819	-3.02106464048253	-3.60093775024155	-0.884454290898609	2.94670687394755	-0.262273083684425	0.372025955958336	0.00293215512365281	0.0099761776799658	0.0108264436352682	0.0271881869485492
Sg_B07_53	0.0398279180168908	0.534726655022815	-0.969565696277678	-1.39220275332838	5.04050438912989	-0.257658126221994	0.387406873918621	0.0120473973620813	0.0310850890274809	0.0187300671058722	0.0430602007940319
Sg_B07_62	-3.79040703087555	-3.00667455306868	-4.47698322400266	-1.08284610601439	4.19527335077247	-0.239170419196017	0.386538462114486	0.0306338497223095	0.0664574905097854	0.0171578365412422	0.0395705801622047
Sg_B08_36	0.120117285013031	0.0375225481868062	0.194929502580576	0.319320278438685	2.88755493869355	0.0968614455581285	0.458543619523193	0.29022869730875	0.412992568896506	0.37778225911774	0.497364528421774
Sg_B14_1	-2.64881650046844	-1.91536329157376	-3.18238575037846	-0.9139638740604	4.85268326205828	-0.172192701948161	0.411538461978204	0.139201677133758	0.233505371063111	0.073041697831947	0.128141529325078
Sg_B14_13	0.235825081029024	0.840539101889095	-0.747914781187439	-1.62476605365695	4.08411534613524	-0.359184893742591	0.34014423162664	0.00226849336728138	0.00926867186484329	0.00142311615071952	0.00689436463874151
Sg_B15_22	-0.459178192149005	-1.11836021293288	-0.0510513839798712	1.47206720198266	4.35003633728407	0.299969469215761	0.363221154558074	0.00291432126329232	0.0107572476961235	0.00402829643252894	0.0133216220244368
Sg_B15_23	1.5770091877019	1.97700068236525	1.27664771264283	-0.64340283074979	3.72399913983585	-0.1559870193606	0.429807692652492	0.301356306413016	0.424397342280881	0.165434669996257	0.259836364566942
Sg_B15_35	-0.315585315531725	-0.445033123449107	-0.201182488930532	0.264617323807117	4.12872419378476	0.0575372876313118	0.469711538607926	0.919700646465505	0.945999354174028	0.605766643892833	0.71018189509443
Sg_B15_52	-0.824275500938051	-0.796716761247044	-0.844371091133718	-0.357225003923033	5.39345645887159	-0.0639574588393033	0.47272290327996	0.595736099376425	0.693975569921711	0.647377968058467	0.746065201527549
Sg_B19_58	-2.66966573686275	-2.38234787118121	-3.07044018338598	-0.609829084390396	2.94882424629356	-0.174241088057583	0.403749099255425	0.414775357768027	0.530563577578315	0.0520967150872742	0.0971357695449976
Sg_B25_10	-0.98504551477375	-1.31295132065087	-0.528702760085819	0.71064517935137	2.69317652140893	0.221811658825756	0.398557692817148	0.305196645213063	0.427890265126778	0.0336087926289736	0.0690091819304721
Sg_B25_38	-0.576071183988105	-0.20261228331761	-1.10325294036753	-1.06787486865359	3.27600367599961	-0.282786087017618	0.355924057473376	0.0495644488971765	0.0989640964642803	0.00482098123200236	0.0149859689206578
Sg_B27_18	0.574364872182944	0.380770879299758	0.659952589198332	0.195337328312046	2.7342317601357	0.0649687246200812	0.468877673786522	0.877396348891559	0.919566859089052	0.502773421431575	0.612559047908047
Sg_B27_6	0.256677780843775	0.245589360558337	0.304454434791629	-0.0381352451352983	3.75349722358955	-0.00906093761431134	0.495553953397993	0.728442364723018	0.808728632126013	0.9576593187425	0.972280413881445
Sg_C03_36	-1.00181043878016	-0.478240955530794	-1.51759877251727	-0.715202042731228	3.43717794542569	-0.188515587126547	0.40168269280017	0.289138707552964	0.412617640517823	0.0503296405186023	0.0949564756367319
Sg_CA11_3	3.07173291703617	3.07381743699997	3.06030935099869	0.376683241101422	3.51673492481059	0.108897344814948	0.453737082656698	0.19853715692204	0.314078478723829	0.36109076312971	0.482718724742811
Sg_CA11_52	2.01402756973991	1.05753833826343	2.93566474467575	2.24156131279825	4.88690225601034	0.421093217597637	0.317548077936612	0.00015404373916161	0.00207500753907147	0.000249994635097426	0.00261726326017949
Sg_CA13_9	0.493726947042034	0.435922937226573	0.642365941340276	0.142233057737198	2.99203881689595	0.0450714346275183	0.480894015953665	0.522650577473745	0.626382649392212	0.648342583281411	0.747181843605877
Sg_CA25_14	-1.70661860093375	-1.30535655455112	-1.86265506916385	-0.658584433781416	2.80373073678669	-0.208612657687923	0.389810142350264	0.00585869274970048	0.0176918340483212	0.0363442644018348	0.0731665336373118
Sg_CA25_21	-0.32803073161631	0.122429194346372	-0.890846733763392	-1.07023126753672	4.01433490180419	-0.262980582966757	0.383894231360192	0.0115821939401903	0.0301050851783562	0.0171058907376369	0.0400318064904133
Sg_CA40A_55	-4.4820477424388	-4.14277370653882	-4.77223538566848	-0.769183362134255	3.72926975849424	-0.175931174491706	0.390290796036603	0.00806697070797158	0.0213171987247438	0.0270084582919441	0.0562795382457712
Sg_CA9_20	4.02049133454911	2.9892037184769	4.24448485652182	1.30289785768869	3.21679066940163	0.393807771083859	0.340865385468052	0.000379321826480712	0.00335240438475617	0.000916725205500139	0.00539473761558613
Sg_CB03_44	-5.36055046119239	-5.5763007863556	-5.20896733835488	0.687643323791441	5.21194678826515	0.118721177759136	0.432451923408241	0.112732135157598	0.193500359380692	0.23256156172803	0.335256659934142
Sg_CD23A_32	0.775296846116802	0.606859020899894	0.876764713667332	0.119994416524776	2.63872015017001	0.0410360177251377	0.47836538471976	0.970441045550727	0.978751567576447	0.649307575258569	0.748687934766791
Sg_CD24A_10	-1.88811203530552	-1.55152774859334	-2.27502682557129	-0.660715007171288	3.5783546197621	-0.168603367559367	0.428983417796575	0.119133603948433	0.205646491105854	0.179872414871608	0.276968089806825
Sg_CD25A_53	-5.11250697072886	-4.45799317515542	-5.48027757502206	-0.834129689706893	4.7100616064604	-0.157947485148396	0.418649363536056	0.107415934251811	0.184724391862077	0.109017315446728	0.179412272209301
Sg_CD26A_19	-0.611125306988823	0.35290482814014	-1.31219836004988	-1.94956002336563	4.64160270471591	-0.396191264230573	0.318269231777539	0.000534657438055423	0.00372440617849325	0.000365294588353041	0.00324368620954594
Sg_CD30A_34	-1.09329607321067	-0.472725019184694	-1.80239266240323	-0.671307818841529	4.00518606881464	-0.154426383009969	0.436914203625059	0.18074847686937	0.291393605173048	0.162505948805494	0.255328994809844
Sg_CE19A_15	0.666732937915881	1.42097054045333	-0.336870195629475	-1.462984054319	4.1163345456526	-0.309426553303398	0.355769231526796	0.0170796349685591	0.040655135716056	0.00345814113722537	0.0120593762806238
Sg_CE19A_24	0.0636042276702184	0.312878753829262	-0.244146105643508	-0.371750786219188	2.87917567855871	-0.123575257229993	0.439077145214732	0.273330064137225	0.396852525047798	0.210979042125071	0.31534416923352
Sg_CE19A_29	-1.37605680905378	-0.65123932231276	-2.74604129224952	-1.878135515236	4.72954588589785	-0.358942813243902	0.338461539330066	0.00289408412863004	0.0104944540100836	0.000921274573589497	0.00535509471601895
Sg_CE19A_36	2.03430445552848	1.93839564553025	2.12428174226291	0.0489362294757916	1.64973897140198	0.0291113712805695	0.485576923146434	0.858024698794443	0.907286571623067	0.719880211059183	0.803086860259006
Sg_CG50A_49	-2.08928931542928	-2.01166625586205	-2.22694773961479	-0.31597698269854	4.99596050957721	-0.0594791213900899	0.473924537496669	0.453235146346734	0.564953895598795	0.601883046212056	0.705648287964973
Sg_CG50A_74	0.111805391743534	0.73857890188982	-1.17483402707262	-1.69721201535458	4.43724415567478	-0.358690289026053	0.334134616282085	0.00230368029548096	0.00931325761097975	0.000880819838540458	0.00529136752777015
Sg_CK05A_18	1.44525279930361	2.65310353002985	0.65308590527701	-1.69174290905074	3.5505781134292	-0.440716269670547	0.313701924118642	0.000187690984207186	0.00230015384554415	0.000153338795851146	0.00191759023300068
Sg_CK05A_46	-0.448118100950811	-0.0125094029192221	-0.703786655606857	-0.655343898129042	1.95562644502782	-0.295050579032175	0.351598174299252	0.000480418608707113	0.00370773671262428	0.00392161239903294	0.0130153907898691
Sg_CK05A_56	0.0489664266514662	-0.318511792043484	0.621176753046033	0.871925081181928	2.04572319368896	0.37092925926115	0.330449412121323	0.0126787170476332	0.0323149272781212	0.00058586409709067	0.00420389878417517
Sg_CK28A_36	-2.4002412890132	-1.8965685156431	-2.65122144413494	-0.392676251865812	3.98103393927051	-0.0912748915810512	0.455179043716634	0.233746740043345	0.353789858670456	0.369958023750909	0.489596878096889
Sg_CK52A_43	-2.6536538819685	-2.1059265172187	-3.16548682466584	-1.01238649346579	3.31384006881018	-0.295282558560521	0.360576923804905	0.00301971576686285	0.0110339174974587	0.00602771589391683	0.0173821073110737
Sg_CK52A_74	-1.22356137389687	-0.321978457549348	-2.21964061141492	-1.25553064494466	3.85819236814846	-0.296627593995054	0.368509616064837	0.0118849569452688	0.0306887211045517	0.0102251371588772	0.0260211538480246
Sg_CM17_16	-2.63669408646827	-2.53891170811628	-2.7968109193796	-0.488372150513488	5.51743836955525	-0.0744527557294091	0.465513097979807	0.380953977680874	0.497071579302656	0.425336003487739	0.540823724118166
Sg_CM17_58	-3.00840333991811	-2.05549758992959	-3.58370012152731	-1.9469143807146	4.62355571329299	-0.466383923516983	0.259855770733896	0.000000209044271069382	0.0000237606172305158	0.00000324365319090303	0.000146687764695487
Sg_CM17_7	-0.422107996721815	0.111587542670964	-0.759333340883204	-0.873853964261743	2.6738925278429	-0.313426148028402	0.347115385427514	0.00066612530404893	0.00442969885782394	0.0025465752499342	0.00987799244913629
Sg_CM21_57	0.496933900384208	1.02880194627352	-0.129267975971305	-0.798439194768959	4.31355193760091	-0.17238298691906	0.420913461929067	0.221965125375344	0.341826163439652	0.11648737053986	0.192775598046897
Sg_CM29A_16	-1.75251294390189	-1.39706787388261	-2.12265512145917	-1.06404042734182	3.29372907697746	-0.300747954199517	0.355203076944327	0.00340778772444115	0.0110658903151527	0.00376321031909811	0.0126497716856687
Sg_CM31A_43	0.535646577138946	-0.704129684654363	1.19429597912232	1.94284068466485	4.36454416970825	0.421765784582104	0.320836338408252	0.000572486479196051	0.00403816146394878	0.000344393107334181	0.00315064195635721
Sg_CM31A_52	-0.307412435374415	0.0319485961886654	-0.839194411428322	-0.85785785766523	3.46847277621064	-0.226508306898568	0.398702235548076	0.109646317550749	0.192161768172555	0.0406960813419906	0.0804450299662872
Sg_CM32A_26	1.1141828951334	1.07657133507728	1.14306537317912	-0.140640619073399	1.66465612222291	-0.0737186220290215	0.457211538669102	0.155676856453985	0.259000466480922	0.46034810518838	0.573010274961206
Sg_CM32A_49	1.67322278022616	1.56944394570011	1.78876142201874	0.250868276534882	2.13437653226194	0.107536634649263	0.450612833693543	0.40570413174128	0.525895851226846	0.286140209224105	0.405269292030565
Sg_CM33A_60	-1.87216267428468	-1.29828242400307	-2.33464850136834	-0.765335337935119	3.00756675642186	-0.230514799122641	0.390290796036603	0.0276661167373599	0.058873087335902	0.0259881304544223	0.0559254040332281
Sg_CM35A_15	-1.16613249205784	-0.915222157321282	-1.35311447224944	-0.648154348892468	2.68310364518416	-0.219458813485045	0.390625000553154	0.00656042932451358	0.0192370565927628	0.0246238113098955	0.0537177305660816
Sg_D02_32	0.402602375675194	-0.261640519491071	0.964259701264393	0.979766023049184	2.85124454740506	0.308125358522087	0.358327325903626	0.00881745994558545	0.0244741741374406	0.00446387375530421	0.0142487764050874
Sg_D02_9	2.48880058212058	1.47710915106798	3.19194946017432	1.09929125430458	3.37947050873636	0.326290318029321	0.353605770001813	0.00158975671457703	0.00757145924811318	0.00396949536569117	0.0132329540227994
Sg_D03_78	1.2352884378768	1.24530944738046	1.23004926433433	-0.0474522445031447	1.96473137275893	-0.0208125936640143	0.490026436000919	0.482209597812165	0.589314836670237	0.95038151627043	0.967395494809462
Sg_D09_14	1.03871870623676	1.19400099686432	0.9473977851108	-0.508548389452974	2.34491997592108	-0.173603468686774	0.411920211925135	0.238462825514756	0.360461813434093	0.0674599426066871	0.120123094169567
Sg_D10_17	1.23462686059928	1.19240600229207	1.27183096986168	0.0860164720747818	4.14062543783591	0.0222322029347517	0.491228070217672	0.692032460832642	0.77879637237354	0.945311686889955	0.965195677465746
Sg_D18_45	2.66205110820331	2.22743553056057	4.10742228280342	1.64281602970436	5.23178532015299	0.282511664996937	0.368661380155081	0.00637000665151475	0.0188699764829297	0.00834510875305858	0.0220847959830443
Sg_E04_12	0.511331752633067	-0.207165641371378	0.874545657738167	0.865959760419392	3.68587748666956	0.21341530983799	0.402403846642426	0.0910506677894758	0.16440551560664	0.0449154108038112	0.0869387470440148
Sg_E06_10	-1.11423237734649	-0.74936737505761	-1.382872435029	-0.68971337965511	2.44404038784911	-0.248439551244458	0.377793800192969	0.00244904878194958	0.00963398870904123	0.0111516837828357	0.0279079620586807
Sg_E06_24	-0.0336063996030678	-0.52451505020685	0.784320063148352	1.07649132010726	2.6835506691763	0.389617364805612	0.343186734795276	0.00148515357018963	0.00730071646257455	0.00178344368105371	0.00799487758753122
Sg_E10_50	4.47080121167784	3.93380134693968	5.06191432848969	1.21100061022704	2.3691396985937	0.482477613920217	0.30593607415907	0.0000173434366956958	0.000483209694434091	0.0000485865190630977	0.000903310770734809
Sg_EA47_17	2.58203430674227	3.32558718934243	1.66366940535703	-1.70157399873888	5.19888729226965	-0.298404803541156	0.366586539153223	0.00518007814994565	0.0160952469049151	0.00647884681717617	0.018324499058086
Sg_EA47_9	-0.0267446936531037	-0.557498800551476	0.664544245213433	1.02043770277901	3.07644979587129	0.305709476060495	0.369382360684332	0.0061580950156101	0.0183383630799094	0.0058142251535233	0.0170304993506145
Sg_EA57_9	-0.920926365163571	-1.3457730798912	-0.0905357727887832	1.15025243872205	3.85142573357036	0.261026598312134	0.375390531761799	0.0542004550177646	0.106250190369496	0.0112387623160667	0.0280827391728002
Sg_EA61_27	-0.155912282053461	-0.680741838359959	0.624768034028866	1.11827312584059	3.00427270985506	0.320533330429159	0.351682693090807	0.0106489737667988	0.0282566177591397	0.00246512591076924	0.00971775123665466
Sg_EB08_12	-3.23671300705649	-3.46314107728709	-2.94159206090027	0.853779325230151	4.95523587043476	0.151204355501546	0.427163461896803	0.383400958841373	0.501021656843655	0.127543543299229	0.208185714696064
Sg_EB09_7	0.928470496828053	1.6503054663493	0.119998145097593	-1.75274751597463	4.92058641325241	-0.333731062928312	0.329007451064182	0.00295862071715905	0.0108227154582632	0.000646415361584098	0.00446929677776167
Sg_EB10_11	-0.5499058102836	-1.29555494445789	0.510204802955792	1.53793781674046	4.70679897013912	0.290903035751399	0.347512617968534	0.0439272394032286	0.0872490259577655	0.00154941298691282	0.00730174590844809
Sg_EB13_4	1.79503725541295	2.45848170987241	1.61493109022947	-0.644294572240913	3.08045196548502	-0.201672421934487	0.404950733471508	0.0832322976415823	0.152501472100007	0.0449481774856621	0.0870116380637649
Sg_EB21_10	-0.364217356310045	-1.1533414604407	0.256903377280994	1.33817048650599	2.66933280516318	0.450318013911211	0.304326924189571	0.000456585368336851	0.00361479095787934	0.0000613712927605392	0.00102499957107748
Sg_EM03_7	-1.98866758628397	-1.59854332827476	-2.33114150274631	-0.786324685312448	4.79162164638528	-0.147791525979827	0.43042537885626	0.222159746671586	0.335005242882746	0.172704456542053	0.268086762205527
Sg_EM12_46	-4.75130361166313	-4.07994316234822	-5.4081953487627	-1.77745014244348	3.990174933475	-0.389129794171358	0.32836538555227	0.00119241957352979	0.00548634859225379	0.000533987194901513	0.00374755724192903
Sg_EM22_6	-0.10617935005876	1.08888082612258	-0.63757497477985	-1.84344886134059	4.57386896891241	-0.3594660203109	0.336538462419789	0.0023038749304285	0.00932594983271457	0.00107909003138255	0.00587001601408493
Sg_EM25_40	0.786166157676221	0.783272903232588	0.791469801597406	0.117010872186248	1.40607641307277	0.0783749478934601	0.465513097979807	0.466191278304234	0.576306747061328	0.51764366726317	0.627433719120059
Sg_EM30_38	2.48501309617824	2.45360348677666	2.52833887833256	0.00417173651110581	2.41138208147364	0.00133640664219491	0.498798076928865	0.857553313276789	0.907027249111747	0.967434096411299	0.978834703453071
Sg_EM34_4	5.89545373104792	6.10237568025741	5.74316241944332	-0.240218401222649	3.64622663531661	-0.0579343042218117	0.475000000120687	0.656617784054995	0.74989948128116	0.600116264874772	0.707006159180821
Sg_G06_9	-1.83734783618492	-2.12889483213177	-1.40750177992955	0.823969417246482	5.29028541030014	0.144394202294396	0.436298077234888	0.316916991338127	0.439533645104573	0.171182022054583	0.266235809702782
Sg_G09_4	0.839648135889401	1.08366273335523	0.344531674997217	-0.607041123116429	3.28386056013311	-0.16248642484563	0.418168709849546	0.172375373252762	0.281430595324386	0.110237899468467	0.183436335859926
Sg_G10_35	-1.49088223860916	-1.38789779752967	-1.58856554744332	-0.112907795026723	4.26791384783346	-0.023363793482707	0.488942307745581	0.881526939505331	0.921570946584174	0.832948075565255	0.885509102707077
Sg_G18_19	1.59059937614669	1.6825381656652	1.38664214490628	-0.153308650013851	1.57357950475896	-0.0854233897779448	0.460336538653743	0.758240267173219	0.832713232245127	0.415537749850879	0.531843006745585
Sg_G19_41	0.738389716584662	0.380119557651214	1.04218462389374	0.485207649932891	2.26906365850247	0.188176846784311	0.418168709849546	0.0518402038990816	0.102542374755849	0.0875286738152874	0.149276469918198
Sg_G21_58	-0.874426742765172	-0.972871264493057	-0.609003277599543	0.367336266957127	3.10173249143781	0.102026466962055	0.451814467910135	0.220979558243997	0.332322654421553	0.282257271812821	0.400590595524861
Sg_G22_16	-0.100456312123848	0.187609047200104	-0.454074959904534	-1.10646954970243	4.3442131482505	-0.23125450737656	0.392788462079608	0.0443009023586159	0.0904677641575869	0.0327262771569128	0.0674761409644318
Sg_G26_10	-1.51835692296866	-0.10372868546734	-2.5067866306089	-1.93800339978501	4.97174984010037	-0.358911865545033	0.355048077685124	0.00180086844105203	0.00809189164652975	0.00276216112660786	0.0103570333797173
Sg_G26_22	-2.46668669661946	-1.99028361169341	-2.68382857296096	-0.92595515448911	3.98198239717822	-0.218520123576441	0.402163462028339	0.0866563815541086	0.154898578826171	0.053385991844667	0.099349308532534
Sg_G29_33	-1.79238277586647	-2.57682618137052	-0.434912600282388	2.13329731517332	4.18886746182496	0.46300810990051	0.292237444131043	0.0000412140091905631	0.000780309461153883	0.0000372072988983517	0.000837693389324318
Sg_G33_7	-0.817766326413994	-0.559902365404808	-0.984376453596749	-0.511632625433884	2.39690886789992	-0.18710007916558	0.401442308186088	0.0582277691762773	0.112689984725631	0.0454075550650136	0.0873903466476175
Sg_G39_28	1.31490191866329	2.57876249006553	0.446913684666415	-1.82479378008856	6.48510482811148	-0.251325599326752	0.38139870283991	0.0227162893746652	0.051892219338455	0.0181555534219344	0.0419867987015178
Sg_G43_29	-2.94064992300347	-2.5695088491013	-3.16524539375347	-0.371930930187033	3.67918840326304	-0.0881074079564581	0.459264600053177	0.635119778145864	0.722895118078686	0.433170981965744	0.547750897628049
Sg_G47_17	-1.0206136411173	-1.0534528316947	-0.94794201868113	0.19655497711405	3.15419528735204	0.053307509405743	0.471040615376575	0.862789875310775	0.909646463371788	0.527965232696761	0.637648079880125
Sg_H04_45	1.54340231157189	1.58684194969123	1.36537951961539	0.01736321177082	2.99305265456729	0.00427430068283636	0.497236241301455	0.526600813104319	0.6283620816383	0.921580309391059	0.949685737461618
Sg_I05_27	0.479934534168001	1.28685934447839	0.047848821492404	-0.954615249987069	3.37411769009806	-0.257912347043444	0.385484259173371	0.00341424333558636	0.0119386482896138	0.0165065850977089	0.0388653032419562
Sg_I06_25	0.641950575523717	0.29627359013331	1.21272620121215	1.11314168339401	3.43548560795921	0.32322935793064	0.366979092253535	0.00422726872753942	0.0138955189585321	0.00769571127870034	0.020759825609072
Sg_I07_11	2.74579949178046	3.14198469648658	2.14538798754005	-0.523711477182243	4.80969797918524	-0.0978159304776464	0.45662100477658	0.438996232183034	0.554169572208858	0.427725449781831	0.541404033729088
Sg_I12_32	1.14756373252178	1.10468644717287	1.18894286191741	0.0294693157010357	1.68165633123851	0.0154490171160215	0.492067307730517	0.893587475989933	0.929898219887404	0.838173698665001	0.888763624549788
Sg_I12_44	-1.51964840355743	-0.0868479737202703	-3.04180558371147	-2.41209484844936	4.70279481749318	-0.488873722646522	0.302403847281457	0.0000466308247699937	0.00084550756699524	0.0000725979010983688	0.00116110511127979
Sg_I12_6	-0.0883111731817046	-0.900759565023749	0.824587024983213	1.51894441822803	3.53963777957612	0.39478460937529	0.320596011565462	0.000485336396784397	0.00372967798348491	0.000277488345689583	0.00276948150098981
Sg_K01_5	-0.887023932345113	-1.74811147061428	0.150993094866344	1.63579101288358	3.67339768445369	0.415147410235213	0.323239606836249	0.000565943133765105	0.00402551406806378	0.000339455034041473	0.0031006063206223
Sg_K09_1	0.254660018610399	-0.573317217082556	1.0797136995438	1.17211018060049	2.73348327955036	0.387879315909476	0.332612353707148	0.00291124962682958	0.0107260508652364	0.000583114668075408	0.00420248809582533
Sg_K09_61	-0.109020053172982	0.223125622932561	-0.750807368377581	-1.31192818482767	4.2167375155697	-0.279327864464029	0.372506609644532	0.00705496943911622	0.0204728323641128	0.0102495032878632	0.026011837392045
Sg_K10_28	-1.95350255143444	-1.90935657799664	-2.26344936566847	-0.672396335217923	6.97744747707878	-0.0911446635225118	0.457582312149884	0.303837197549359	0.421911512416437	0.441653213436285	0.555761225270341
Sg_K14_18	-0.705445321177196	-0.623970923790147	-0.70955811417553	0.177538075400241	4.81541801283058	0.0335115022608656	0.484979572290576	0.784877344325677	0.853324263751679	0.780553656738682	0.846942088966963
Sg_K15_44	3.45906328101083	2.45099324022201	4.84935297186243	2.26190958101486	3.59321160410683	0.584251407512312	0.25697115537844	0.000000592927223132229	0.0000342563494716429	0.00000101781576024191	0.000075673084947173
Sg_K16_50	-1.4412783638393	-0.935947982533407	-1.7443264690057	-0.863786744980779	6.09286263601555	-0.125277496866811	0.438356164684838	0.242794055075769	0.3633004362232	0.275041777125093	0.39228803258181
Sg_K16_53	2.11858655784812	2.33160926714427	1.96453288243672	-0.263936042273032	3.01501118573779	-0.0787477100520815	0.466105769394737	0.388220034897806	0.508570841764818	0.490844615641692	0.600926806681801
Sg_K17_22	-1.85286470050625	-1.53435008801882	-2.29026455615591	-0.386633819964811	2.72855885477027	-0.124909643533203	0.438942307990775	0.28118272369276	0.397635878040492	0.213194923701313	0.317481186919221
Sg_K22_66	0.845296324989593	0.600920507592824	1.09231923373626	0.510755147515752	1.81168405030076	0.25942243896473	0.383173077518131	0.00983415655181441	0.0266055943872822	0.0150247333246974	0.0358752952198076
Sg_K22_8	0.210913185321263	-0.650042556875169	1.05964739395916	1.0810232480713	2.81705423990501	0.352504956163174	0.351442308476937	0.0122018948165169	0.031356376578354	0.00254296980731909	0.00987923480211389
Sg_K31_45	-3.86196172866739	-4.59798301888827	-2.44117503121381	1.95089493513057	4.72621227699667	0.36211426155871	0.316270128395579	0.000561131983460854	0.00364893417903716	0.000227045181138037	0.00230601436303079
Sg_K32_30	-4.48111921258311	-4.04579553686063	-5.26276015563381	-1.10225616304552	4.75142635208061	-0.202242269562323	0.400144196607285	0.0712977671154871	0.130193482625231	0.0425408033944748	0.0822962550022077
Sg_K34_1	-0.611999852294224	-0.421549167037546	-0.82534687228631	-0.572323874191318	2.01328262852565	-0.255937529139939	0.366017784881248	0.00121989422598999	0.00645115773715124	0.00899194517600494	0.0234402276414212
Sg_K36_16	5.3057325037611	4.10916293710409	7.09370870573588	2.94944991231114	4.86409121043179	0.5798626178941	0.256669071469746	0.000000364667999704794	0.0000300072043518947	0.000000992183577775522	0.000075673084947173
Sg_K36_17	1.13801834978584	2.35919337967978	0.315956302375356	-1.97577434355552	4.49530378622549	-0.40245939395083	0.313461539505036	0.000644185363399325	0.00431524112028771	0.000191350537173021	0.00218094433752596
Sg_K36_27	2.66634734096259	1.99484324491789	2.98817144369451	1.06989827154279	2.92951935805499	0.350013504262104	0.362893535921442	0.00145145841865822	0.00726747340092669	0.00554087521067793	0.0164831922442903
Sg_K36_29	4.24907197307448	3.42343245219739	4.83570570583426	1.40687331143507	3.2967604546431	0.405433856123521	0.32516222157878	0.000237333566707173	0.00263516250953995	0.000360937547551829	0.00322987796258741
Sg_K36_3	-1.86254758847469	-1.55128683450394	-2.10588546916518	-0.669629262496046	4.42378393721958	-0.130459770034381	0.43389423109322	0.276498706731961	0.39729760193408	0.155661620599793	0.246557002908847
Sg_K36_6	1.50646778158115	1.26514736078743	1.74972776041291	0.29461356377242	2.57563061820777	0.102074105467941	0.448317307943868	0.304529727762481	0.427151209940109	0.278583872911147	0.396817654524704
Sg_K40_4	-1.49756019630345	-0.902188759895866	-2.22077942107142	-1.24513336454345	3.57478921886464	-0.3102811487596	0.351838501142247	0.00561513428686749	0.0171085344284018	0.0027274698786323	0.0103120805810812
Sg_K46_34	1.56217427160314	1.48652692844362	1.58386816500545	-0.0137754279853279	4.32730689629302	-0.00335091347228339	0.498437875518213	0.434082747988184	0.548359570017121	0.977383689899193	0.984915778247614
Sg_M01_13	-2.68651095570898	-1.97813465908059	-3.12149277909741	-1.35051932331498	4.61039310157374	-0.293106370175011	0.353040135357246	0.00359430037496861	0.012252203189408	0.00280857094257164	0.010466973315688
Sg_M01_30	-0.590429054324594	-0.364847080364013	-0.891032559454696	-0.590431762546632	2.3392430644562	-0.225383427243173	0.386057692886424	0.0148391943203364	0.0364676162824679	0.0179647540582903	0.0414710209685792
Sg_M02_37	-0.484850141985174	-1.16588199375235	0.459490908863874	1.33492967087486	4.00295253984181	0.313618241630594	0.360730594334001	0.01130853289899	0.0293468181803499	0.00527773637643594	0.0159584898000802
Sg_M02_5	-0.239852547036664	-0.723160684430755	0.502477294674107	1.53968331136183	3.98683316493152	0.374966070972957	0.336538462419789	0.00145377280051686	0.00720974699904657	0.000984941572879915	0.00557412479129906
Sg_M03_37	-1.37428067718828	-1.40302613305566	-1.35395307749759	0.0531952651359111	2.84973059970446	0.0142669260026717	0.491468397061022	0.640582768706728	0.735001770946661	0.821524166305567	0.877223187959899
Sg_M03_38	-5.71580462050437	-5.87696227705942	-5.58576946210365	0.360814937344308	3.58879959306094	0.0882667923135581	0.458062965836538	0.683226563254942	0.761357209583336	0.424279118283342	0.533171604271683
Sg_M07_27	-4.11253836878597	-4.02529483145708	-4.28112698214816	-0.660479617431308	2.91006740141674	-0.180424116315069	0.404807692783321	0.148640864277201	0.238058187583276	0.0606439664670139	0.109395423448856
Sg_M07_39	-3.44032638533171	-2.76734841335085	-4.24535745136024	-1.8032818311983	5.59576854589944	-0.297253728268557	0.359375000735331	0.0074605703184569	0.0205616673680724	0.00485175528637722	0.0149193033852762
Sg_M07_4	-3.3067738557819	-1.9334809198501	-4.1912244240056	-2.32692798795316	5.60065730490046	-0.391740670028684	0.324038462505561	0.00043397475542428	0.00334808737533714	0.000670448576899294	0.00445580770903655
Sg_M08_36	1.72797747046365	1.6793035926242	2.04455016852756	0.209051155062422	3.15262180895659	0.0575484850484248	0.476682692420219	0.951898100058222	0.966661110566836	0.739761314244677	0.817971079079628
Sg_M11_5	0.47428472930737	0.744522869937582	0.0868593825253283	-0.723287218095689	4.67934144257066	-0.142457427525254	0.436778846463228	0.195026804038793	0.309638211367679	0.186615519868752	0.285148202919136
Sg_M11_7	-2.69435203029443	-2.61578982984563	-2.7604660887428	-0.298208535339957	1.96759496405946	-0.140992589199759	0.426580149363807	0.0247383066447085	0.0557112582515894	0.152720345625582	0.239843859858652
Sg_M12_21	3.89669599880096	4.37583927864433	3.12108718358838	-1.14448832599918	3.99206013965105	-0.270698499331084	0.386057692886424	0.0296980496028083	0.0655202671334171	0.0227094938186592	0.050562154467156
Sg_M12_39	2.94926472665901	3.28937015127098	2.18575593121072	-0.75746673223378	4.06192153669628	-0.175474916655608	0.419370344065827	0.153055867788903	0.255984662406733	0.0843945189155528	0.144474450710315
Sg_M12_6	4.83684405235096	4.25129263953866	5.39330445316467	1.46347631270057	3.77749328912568	0.377423871799708	0.336057693192235	0.000243936900153146	0.00266435074610363	0.000860269797900421	0.00523525267144211
Sg_M15_10	-0.587414105294443	0.0973059858455585	-0.98444805539481	-1.21429713210416	3.06676659940779	-0.385946227005982	0.331651046335654	0.000292760866082896	0.00291148230538095	0.00102375533304081	0.00568882299171369
Sg_M15_29	-0.876940485475416	-0.741650769827099	-1.214368071118	-0.452476492784338	3.7906699466102	-0.115577523785714	0.450612833693543	0.502290937482721	0.608575354575653	0.325271643746091	0.446987440501234
Sg_M17_3	-0.583899766103946	-0.650523940737851	-0.546869321002291	-0.10411361520545	2.80403148314097	-0.0317298054192592	0.48413461546109	0.346064193014121	0.467957038452685	0.768686419359588	0.838860222511664
Sg_M17_33	-1.96689901993843	-1.62143888976092	-2.62420327963717	-1.26658921023719	4.16887818560404	-0.289480735153189	0.37908653907995	0.00372736659791658	0.0125923128629954	0.0139907167511908	0.0336813554820244
Sg_OA11r1_10	1.71081504720785	1.47375095935571	1.96310710494106	0.546343168971903	1.93010839992467	0.255480947597268	0.36649843856739	0.053591508460456	0.105106963638118	0.00727118150714957	0.019923471360772
Sg_OA11r1_12	-1.63682066605287	-1.85281769133642	-1.52341492429009	-0.243375217862695	5.15780611391818	-0.039681237238922	0.480894015953665	0.543300597353951	0.645014058932727	0.64076455398009	0.739892003203731
Sg_OA11r1_9	-0.174373119632453	-0.845953887444233	0.0889058782170791	1.14443694033147	3.73853480019132	0.286464263201772	0.378365385237947	0.0156355085112736	0.0380852785504476	0.0128723137142138	0.0314614046827752
Sg_OA7r2_4	-5.84032116333416	-5.39942199023703	-6.42898118563468	-0.92960603753812	4.37708308495261	-0.174570067682692	0.398702235548076	0.230867834370877	0.337761487518428	0.052722295802648	0.0972049832490622
Sg_OB03r2_1	-3.25330747695826	-5.80263994360242	2.13223148421007	5.40337234428245	8.3975748325014	0.617935635433329	0.261715935153691	0.00000092074613012479	0.0000495697761934705	0.00000189260372593465	0.00010514607634159
Sg_OB03r2_39	2.03524049925723	0.879916998731021	3.43322895645489	2.15515496066334	3.60640806582377	0.557333579261496	0.269711539869045	0.00000304386526897894	0.000129537996957507	0.00000359022201236666	0.000165813916203124
Sg_OB03r2_6	0.0701558635854651	-1.86237370147558	1.55266689409268	2.66435379870269	5.28849784764399	0.474063575189634	0.295192308877374	0.00011731061090043	0.00175180726127422	0.0000467039860494786	0.000892997907643591
Sg_OB05r2_32	1.27513146925607	0.459348759017126	2.12622821545571	1.15463503533616	4.83758342637609	0.222934726626622	0.405671714001167	0.0716940978010683	0.133804545750286	0.0590470156221324	0.108150396747959
Sg_OB05r2_38	3.34759347128567	2.91178974681413	4.13702842925151	1.4697963062285	3.79615647797789	0.368702441714304	0.34014423162664	0.00133280212799934	0.00696076066994456	0.00118045576009195	0.00613341018068137
Sg_OB05r2_8	0.0285807804178964	-0.379244695227815	0.692587023591143	1.16519269837472	3.23463512455731	0.319941568744431	0.353365385387933	0.00500337577339555	0.0156838552391529	0.00315548498351774	0.0113209001609207
Sg_OB24r1_18	5.02263020639063	4.21241462686639	5.26424213982947	1.17193182360398	3.19102184734505	0.340534865373004	0.358086999060596	0.00478828972242499	0.0152032767403685	0.00515809446306849	0.0157246475516851
Sg_OG24B2A_25	3.18632864886365	2.98815472591969	3.38560545505531	0.228847114338732	2.43172352500019	0.0858519618948224	0.461778846338978	0.501254584434621	0.604873121441348	0.393704942066982	0.51152493805711
Sg_OG24B2A_8	-1.32831260179893	-0.742739976035901	-2.01597591615225	-1.40687337173735	3.77201856333823	-0.3476725052	0.343186734795276	0.00319785032993994	0.0112425193911167	0.00146406697170225	0.00702447174280864
Sg_OM21r1_55	-2.17507298087608	-1.51756190773969	-2.82537430334376	-1.37217927513001	3.21529445002265	-0.375203412912991	0.310576924141924	0.0000209178551466126	0.00051465853606098	0.000170962384941246	0.0020067783694566
Sg_P15_12	-2.73382732090741	-3.01430503433705	-2.38792986807498	0.582634314979593	3.07048311092226	0.157785861699255	0.407451923538389	0.067363976395198	0.127158047826597	0.0832200103429936	0.143363221145727
Sg_P15_2	2.3379228013342	2.08954331188142	2.70703111927277	0.768621254122208	3.73244308502599	0.206581605914887	0.406152367687609	0.0253672021576648	0.057753791592939	0.046790402213656	0.0897850645959574
Sg_P15_21	2.53537398786613	2.39659536983679	2.70242710523757	0.161427399703652	3.16000160869384	0.0468976287692179	0.475847152243414	0.42849268519171	0.545011734162912	0.685074051869997	0.777223055661958
Sg_P22_10	-1.55032728862257	-0.8605810727701	-2.34922899524762	-1.51801110499086	4.36430724443534	-0.293753023585495	0.347752944811507	0.0137889950282789	0.0342866478152944	0.00195542585867121	0.00843729172425722
Sg_P22_13	-1.53481839659952	-1.93182974816985	-1.3773361462945	0.0916006633998316	5.67200506862633	0.0161252687565881	0.492670031277777	0.824706930686532	0.877266968921143	0.827779986582289	0.881810635540362
Sg_P23_1	-0.716095267110564	-1.10698940514567	0.0814128309358999	1.18895772052224	3.48779211178983	0.313812793087174	0.360249940647916	0.0112013215920342	0.0291752249275604	0.00601785677985022	0.0173688497352676
Sg_P27_36	1.79041652807116	1.1511282536836	2.43872740451249	1.68077516669919	5.21245802459556	0.301326228719952	0.370192308362558	0.00983659146977981	0.0266797817834716	0.0080070096351885	0.0213901510535038
Sg_P27_4	-0.213416175019439	0.211277734499198	-0.61061948425784	-0.239714430395746	3.00475195855202	-0.073474628709087	0.47043269245057	0.726089568173686	0.806450885237474	0.501458022889794	0.612056203331724
Sg_P30_9	2.59058674739927	2.21268351531789	2.8812201545487	0.415766907657419	1.88377564618297	0.206201285504473	0.413701923505242	0.242409931231514	0.36484099060264	0.0711044222192868	0.125235533010664
Sg_X05_12	-0.762588605580043	-0.677366841313145	-1.05004527749246	0.0680351204542888	3.79195321490052	0.0187228509131592	0.492189377591075	0.595529830552264	0.69327762802085	0.833541176092871	0.885951835423041
Sg_X05_3	1.40091075900241	1.43589884124249	1.19346658320712	-0.634128540059784	6.97601737603619	-0.0825486875800994	0.454698390029987	0.253176574032269	0.373909343668446	0.37821308044175	0.498015834911166
Sg_Y07_14	0.721666722280307	0.357737742906178	1.09499801700824	0.890312829199534	3.52082374640344	0.231693804105249	0.397260274488896	0.0333509032734178	0.0720871579948571	0.0334438878998676	0.0687514216189771
Sg_Y19_10	-0.502377647343454	-0.0137748514708962	-0.830471046175146	-0.482418407084241	4.85415743926694	-0.0923656313001282	0.455900024246606	0.467550170677275	0.577264392447604	0.3633006950354	0.484592000651369
Sg_Y19_13	-1.23383205062076	-0.572777799900583	-1.87057541329937	-1.09846621798378	4.56067796727536	-0.217041047932834	0.40783465559018	0.0541873053779605	0.106042809796838	0.0702965644938898	0.124251092720765
Sg_YA03_20	1.51305362359249	1.03705510433437	2.38549095944984	1.02949338875729	1.9422113085484	0.491897450650916	0.298245615195005	0.0000512821844750796	0.000903255345448614	0.0000365759113892766	0.000845954332212376
Sg_YA04_9	0.906446270813875	0.288319431868731	1.10439394137708	0.999773044454359	3.02160083753567	0.318520915919386	0.360336539190988	0.00420552198404532	0.0138475592765732	0.00683469722589223	0.0190645748693026
Sg_YA12_28	2.37332056225374	2.09338469981498	2.79994789521833	0.579827338611331	1.87501183718527	0.274180588361368	0.362500000716286	0.014661241324071	0.0360375660216135	0.00492838588366835	0.015244977343878
Sg_YA12_4	2.81143435290605	2.91406848237851	2.78245194353398	-0.291146957782473	4.81098470443775	-0.0535891091772771	0.473684210653327	0.881112415270856	0.921270460222134	0.635532097084265	0.73701894134487
Sg_YA13_10	1.17062379862125	1.05063078864665	1.22282604694172	0.0911998533491953	2.97334466163486	0.0295586847402611	0.485096153917985	0.606455461906215	0.704692701145448	0.757412754896919	0.830793910515665
Sg_YA31_31	-0.813106802321056	-0.788436961264879	-0.875181767368798	-0.252339952728384	4.99394185938057	-0.0479925733030045	0.478846153948201	0.702425653000067	0.784614739740762	0.711723897059394	0.796654075439732
Sg_YB34_1	-0.0138956455918962	-0.829388961434629	1.01250966349738	1.61132145506752	3.3046165337083	0.438660875444818	0.306971154938462	0.0000442966450628837	0.000828882321238044	0.000105597591435517	0.0014957848016622
Sg_YB35_19	1.6877639977791	1.08975109227817	2.18736567651326	0.993005132827736	2.97454909833448	0.30938580753415	0.365865385311386	0.0040668184203102	0.0135291617969116	0.00455679139483392	0.0144887684030831
Sg_YB35_7	0.0819564438452938	-0.591152224203257	0.774643655267121	1.21686452931879	3.19627277541739	0.362382465135451	0.350721154635336	0.00113162206099328	0.0062157638611278	0.00219656059734609	0.00905911077515532
Sg_YB36_42	3.95096253330261	3.4297671947453	5.31381243594863	1.7136616122786	2.96530454158237	0.552961724941463	0.27156933568411	0.00000417559400081651	0.000152218065602259	0.00000601726755215301	0.00022307712569044
Sg_YB37_28	2.29068496638548	1.5908980610525	2.61924901136705	1.16131935157729	2.50192097022162	0.45839504545878	0.310502284170072	0.000162768215082596	0.00212461594306894	0.00016465902563161	0.00199285265237275
Sg_YB37_7	1.10938306118951	1.17867869228007	1.00493330232419	-0.227476822984258	2.07486941380791	-0.092062653426056	0.452295121596774	0.965973119057725	0.975194056855778	0.333772618391103	0.455454664398313
Sg_YB38_12	2.28054597434911	1.67840756316509	2.87308330772274	0.852394972114637	2.56333616537646	0.304364241396734	0.364423077627744	0.0274649753083693	0.0615437506182896	0.00600497658394244	0.0173918242322638
Sg_YB38_21	-0.534349875640595	-0.667643239681108	-0.421795790642273	0.125815654617021	3.02875463185545	0.0329521977461141	0.480653689110318	0.475254650888394	0.582707574380633	0.716750161497995	0.800502476779771
Sg_YB38_6	1.45597844602464	0.928751335204476	2.09258191082709	0.572232106174565	4.97038848453375	0.106844928256284	0.453125000227723	0.47042534778898	0.579631665240479	0.337642761117834	0.460216973290163
Sg_YB39_24	1.93845125772363	1.55222816761391	2.37786195637156	0.844410723098756	2.20452151576437	0.341797930857577	0.335736602664687	0.00222440026215406	0.00916678861129405	0.0011677033072191	0.00612059789167491
Sg_YB41_11	1.09804767721967	0.232633952345983	1.7020471395259	1.4487035363296	3.33033118670766	0.407485719583951	0.334134616282085	0.000475463661270018	0.00370035552448848	0.000607418136989601	0.00429775018875775
Sg_YB41_12	-0.396714446198417	-3.4615925393361	2.82276180761965	4.23252122346303	6.45422024290341	0.629393804540967	0.247836540089997	0.000000373804093582284	0.0000300598804743713	0.000000338351555397307	0.0000689817749692318
Sg_YB46_3	0.286630541374485	0.380292077691074	0.251459370086588	-0.00371446288071819	2.53245316113404	-0.00169353583571845	0.499639509734972	0.749431620777003	0.825781542044748	0.960170732514861	0.97404638340126
Sg_YB50_23	-4.12909491110447	-4.43043358336574	-3.6584509665987	0.135523348890469	5.36825738169538	0.0237983684602539	0.490266762844269	0.801483007980096	0.857948525693078	0.841208897168644	0.890031580837163
Sg_YB59_31	1.52269345934732	0.973347543216621	2.03760871050127	0.927507076808936	1.74389483308418	0.455697477721569	0.291826924289563	0.000323920133340322	0.00308549972768953	0.0000329477589155137	0.000824768146468872
Sg_Z02_43	1.3418822198377	2.0022552673625	0.0479962388426056	-1.98827693764794	4.61340222252522	-0.401483432795637	0.325721154801435	0.000670930828118981	0.00440947012091324	0.000477569721329981	0.00377078975957448
Sg_Z03_24	0.73103381031992	1.6355365150957	-0.116606890550405	-1.76612183067371	4.22427232365437	-0.387591458374615	0.336057693192235	0.00303134164169436	0.0109123236078813	0.000889845049931098	0.00529160603637656
Sg_Z06_28	0.284260985329543	0.96882740139005	-0.372400147629203	-1.16134150211066	4.43668290859441	-0.239300100206535	0.3908653851672	0.0463213990519206	0.0936272652462111	0.0286855736607599	0.0609371429492981
Sg_Z07_36	-3.14355285488463	-2.46517651166816	-3.88817158993584	-1.61805100232143	5.22092143237422	-0.308796083815469	0.347272291125563	0.000754744783255526	0.00461510229237687	0.0027650178567148	0.0102638848464216
Sg_Z07_42	3.11634734599491	2.04405055208545	4.02713986617155	1.9399354504747	4.18088092918701	0.449301311269319	0.29639423194457	0.0000294754304270927	0.000658096863354686	0.0000406132384902152	0.000862355430043492
Sg_Z09_20	1.95774476447292	1.76099709443108	2.02152102302141	0.243431409964607	1.73747460694258	0.130320975027718	0.436057692620719	0.399601852561926	0.520019351746652	0.287816538931753	0.406451925710814
Sg_Z10_1	2.16389954173161	1.70703821024628	2.35528813858692	0.50557490676159	1.84645291195613	0.252958592965779	0.393750000535832	0.039584760071699	0.082893797120526	0.0271544981269275	0.0583180037859981
Sg_Z12_45	1.72762669580227	0.922143386938374	2.13358393405481	1.21653830684243	3.4917550580347	0.326144644927226	0.358653846893601	0.00230402289247819	0.00932308355558542	0.00324888386482798	0.011548458030066
Sg_Z14_36	-0.496378950365519	-0.160412339518216	-1.12005330715723	-0.748331992326055	3.26941104219014	-0.207404357604503	0.41201923120643	0.103247084792912	0.182667810525187	0.0671135570409161	0.119763079208251
Sg_Z14_45	-0.356500905565517	-0.836229440711927	0.404684669056537	1.4884025511455	4.00010027463648	0.356456598829364	0.339903847012839	0.00254842242419278	0.00989620438873042	0.00184755853383766	0.00816964191682721
Sg_Z14_58	1.60886708157068	1.41630909720973	1.7444660559452	0.594083668402679	3.88390250099128	0.156838645541441	0.42884615419587	0.0475513527131921	0.0957360773063373	0.163053891018715	0.256850892574833
Sg_Z15_39	0.145402150673741	0.48746063947397	-0.213021814726217	-0.649032319924663	3.89592921865781	-0.159780579320344	0.432107666759249	0.285646795849687	0.409470034244438	0.156380097420596	0.248390142321422
Sg_Z15_51	-1.06417160035215	-1.52875816187442	-0.671395046825151	0.565844376593566	4.15592346887075	0.117210238724178	0.437635184154947	0.96927991074995	0.977743720938142	0.209867948453026	0.313384591196584
Sg_Z17_26	-2.31530504649734	-0.707897621174905	-3.79101070150825	-2.32001997150793	6.27932337971551	-0.342151726615426	0.348473925340432	0.00551088534619278	0.0165228923317814	0.00230218836272826	0.00922634575285333
Gp_MJ2_113	0.210259413963374	0.295841849317078	0.0247393305292443	-0.212083254615251	2.52379141134926	-0.0777661151550403	0.460817307882154	0.698440392746182	0.784429595830293	0.466191996026667	0.577760516880366
Gp_MJ1_12	1.59136258744279	1.08538074718287	2.29109147087675	1.16331765717029	2.64583870786932	0.415297222506021	0.322999279993441	0.000632277704824397	0.00427379423454446	0.000441570245409559	0.00359553831952419
Gp_YAB_339	-0.969529196709003	-0.565537982487736	-1.36030889507285	-0.619890340947654	5.09558999219165	-0.113063377825262	0.440999759961138	0.427618075467314	0.542324096951251	0.233159263281798	0.342485247242766
Gp_MJ4_65	-5.40161934923809	-6.30206778885833	-4.72578593726993	1.5914719562316	4.91817477791773	0.271000548621046	0.358086999060596	0.0286015572328993	0.0612960591501543	0.00527722637252344	0.0157387847647373
Gp_YAB_333	-4.90881381813923	-4.81844017445237	-5.05161090771137	-0.412146825475896	4.78189959120548	-0.0793907358376608	0.456380677933255	0.280432604685148	0.392107405174742	0.415106894773479	0.529473154409635
Gp_MJ1_272	-2.1343511351175	-2.33938192148248	-1.94641062621187	0.413998517223798	2.99110878628078	0.119153196898952	0.439182692604949	0.262716432435214	0.384707098298824	0.197117673414931	0.29791485586766
Sg_A17_17	2.07704937417865	2.34865388592525	1.96239032377659	-0.0897442184445589	3.41524593983269	-0.0241645466922987	0.487623167567418	0.809997495171708	0.873650593617574	0.826828737179288	0.880220586357663
Gp_NH_148	0.0173799483215271	-0.0592261396048421	0.14088402632944	0.402453713495298	3.48442388002327	0.106251533948697	0.451201923314165	0.33223024443544	0.454660607965925	0.385922700943639	0.504704221806235
Gp_meta27_16	0.681684041316586	0.514466290492008	0.747653477518847	0.37852104148827	3.80815350964567	0.0980679553646835	0.452644230999332	0.254615842466647	0.377216096930421	0.389143975469423	0.507344641036661
Gp_MJ1_444	0.492696725941861	0.0910073198892203	1.14538832746993	0.998482250470754	2.45278869195889	0.379054813666817	0.335096154737147	0.00153986875194995	0.00747069204678318	0.000728478861782521	0.00475694675210106
Sg_A19_12	2.39949674972097	2.52761523543735	2.33417396534445	-0.21178238859477	2.23175381359345	-0.0917800436693895	0.454567307912906	0.445615053314116	0.5587839563693	0.413411713047102	0.528795999739964
Sg_A19_51	0.5661597320988	0.679354608890304	0.502532900585356	-0.215112943318137	1.98299804543672	-0.10703910378588	0.449891853163593	0.206591315353471	0.323650369623236	0.304978666412289	0.425942055363034
Sg_B07_12	-0.830472649704149	-0.0742231554179122	-1.92471073805052	-1.77715227565963	4.01517245969932	-0.398975341881672	0.329007451064182	0.000808881825929406	0.00495457068341256	0.000514785384139553	0.00391249210853881
Gp_MJ3_423	-1.19721610717608	-1.19556823854359	-1.1999187526649	0.0179058376803747	4.5753515458735	0.00267667806013216	0.498798076928865	0.794233018543271	0.858697222482768	0.939201455793465	0.960806137274504
Sg_A33_4	-1.64476280090109	-1.35183190696043	-1.94347646451658	-0.665161631653255	5.55953830539065	-0.106756904376681	0.451682692542552	0.31858336794512	0.441228932517022	0.363416026372716	0.483696076965532
Sg_C02_30	1.12948073969277	1.17021875579088	0.939205996347863	-0.138635670132596	4.43422682231829	-0.0274739704265524	0.485940879663972	0.867129900026716	0.909663386666357	0.78190751878855	0.848584938327307
Sg_C14_34	1.06862058563499	0.772386407058784	1.98736750882155	0.681246829062692	5.37244548475508	0.121252151632734	0.438836818371434	0.259355748430166	0.382212180637398	0.201399402480359	0.303015814634631
Sg_A11_10	2.12781111535576	1.72990134159613	2.21292268932101	0.687024130362814	3.04405697478778	0.218408945679424	0.406152367687609	0.039586564224426	0.0828915504022748	0.0622679753445111	0.112777820591032
Sg_A19_36	-5.27052404041628	-5.46211084286413	-4.829466256555	0.140241533330366	6.78618352848835	0.0195414092766849	0.491708723904373	0.727782391380883	0.799654449890584	0.823454558523455	0.8760594082019
Sg_C04_33	-1.12620578291895	-0.866500866592434	-1.52144684842736	-0.784805092033204	3.55289989370846	-0.20782858872173	0.404086538941044	0.0943825508228044	0.169147601388775	0.0550032053710944	0.101997207346064
Sg_CM21_15	-2.52602287668809	-2.04887658077874	-2.77479891119204	-0.962061720467856	4.52000517020809	-0.185922434822497	0.408795962963094	0.109225446524223	0.189817331609779	0.0751212864233098	0.13115298340201
Sg_B26_4	-1.53132574786185	-1.45793973490866	-1.59544912816237	-0.326692025915858	1.94986325937144	-0.139389805426717	0.428983417796575	0.0535179075386075	0.102446332659004	0.129623429546784	0.209982289105591
Sg_CG50A_22	-0.0213409732905134	0.113448791806348	-0.124824367077129	-0.281754070735541	1.2974672662784	-0.19907165350824	0.405048077397414	0.0307621024799299	0.0672682389816648	0.0597768465814692	0.108956591133086
Sg_B19_40	-0.55992794348241	-1.35398597303952	0.285487489761556	1.33572602640076	4.39818999073252	0.261587671464794	0.367700072782762	0.0366887055946321	0.0758620875322056	0.0085222438549889	0.0224167215086152
Sg_CB03_47	1.02218695421618	0.822497478357588	1.5340239692286	0.449390049762303	1.61081058988573	0.267588934257922	0.388701923640807	0.0294963500038554	0.0652022438591881	0.0231305122917574	0.0511825940878029
Sg_A34_19	-0.40251217074135	-0.394718525103668	-0.409974842792966	0.141078142738403	3.4092881579239	0.0347106516330008	0.484375000075314	0.680525698349552	0.767595507050024	0.721518594726862	0.804096178804458
Sg_CK51A_47	1.27385542081278	1.23943264392829	1.35371980867861	0.12203434286118	1.72903324494678	0.0691628695656087	0.467307692465794	0.407464010854395	0.526525987486658	0.481969851091829	0.592829713279355
Sg_EB03_22	-1.99143543280755	-1.84270017540388	-2.19982932617521	-0.00922020690462322	6.11704412969625	-0.00144923711528554	0.49939918289162	0.916190284568887	0.943597664286499	0.929492048306933	0.953410388273879
Gp_meta27_511	-0.137609103393758	0.0981725775516562	-0.469759271257824	-0.420976550476055	2.30691321008646	-0.163222130146992	0.425378515147442	0.126515262040945	0.217222503922404	0.12721944226054	0.208291605265854
Sg_CD23A_20	2.27652410866138	2.20096058997704	2.29876865416716	0.0486349788744231	1.50120929043205	0.0270841735439641	0.485576923146434	0.9230934017028	0.948437518370015	0.737683340400111	0.815924443571222
Sg_A01_16	-4.05375222253317	-5.35285485523542	-0.532895720414822	3.97382146763485	7.2466235080349	0.511369034799757	0.295673078104245	0.0000540253513718708	0.000819118731876127	0.0000417145604429528	0.00085308528114851
Sg_B26_35	-2.72365166264291	-2.48158702097896	-2.87784190219999	-0.512917421214224	5.19914631143129	-0.0977946802905222	0.450480769471586	0.127834290585674	0.216732723976294	0.237772908057217	0.346570586457072
Sg_G11_20	-4.28125497911097	-4.00160495778857	-4.48710747189987	-0.596151336169104	5.82711906194353	-0.0936969979970095	0.437875510998244	0.0903359844768222	0.162010374754681	0.238928932557143	0.345010574200468
Sg_CM33A_9	2.82252175726389	2.82916745466477	2.80595007107275	-0.0960991567831249	1.51863706422171	-0.0596479284210218	0.474519230892251	0.329122179156104	0.451127364118056	0.58588146576467	0.693196806523099
Sg_M02_8	0.268134210015867	-0.539407444722217	0.887446056508	1.20629996508955	3.14322703596758	0.365584953177688	0.339341505308336	0.00170293710552275	0.00785447069719626	0.00170755413689737	0.0077748599829906
Sg_G18_1	-0.904873620606199	0.829201094885142	-3.05022285690538	-2.65099478958629	5.58421550278185	-0.459242139104807	0.306730770324916	0.000065050450813576	0.00107712610568572	0.00009627019837189	0.00138841980953888
Sg_CA11_45	-1.06804277682298	-1.17530799568019	-0.829866476428729	0.247154369459435	5.85171273007818	0.0415548442682317	0.475366498556727	0.447198001017913	0.559736418308278	0.622208864037748	0.724349849263499
Sg_M21_45	0.275489614298615	-0.0271994674346665	0.472051262996669	0.492361892831256	1.97957017000115	0.20027228745709	0.399278846659372	0.18098569677072	0.29199591796516	0.0290222485611143	0.0613641928230587
