	rab.all	rab.win.C	rab.win.L	diff.btw	diff.win	effect	overlap	we.ep	we.eBH	wi.ep	wi.eBH
Gp_MJ3_477	0.850043448138632	0.89282085603475	0.731653677505244	-0.192743437287024	2.14520949546717	-0.0759832371769414	0.46094750341575	0.792649556104806	0.846298078585291	0.426542257406819	0.543732795279517
Gp_MJ4_197	-3.31200526886946	-4.15968563037754	-1.61017724578451	2.23105268608313	4.53481601430323	0.449488555602389	0.301408451992768	0.00000903658738222637	0.0000967565260962453	0.0000160753724649275	0.000207999225597842
Sg_A11_12	1.0782413914919	1.36843761233709	0.500788427147588	-0.831117308210593	4.13819696192329	-0.183098422509698	0.410755442245112	0.0403220173072787	0.0869393514389599	0.0688136982033208	0.131646925072079
Sg_A11_2	1.63043740486372	1.80872852701777	1.16069117818212	-0.390759460628933	4.75848106538329	-0.0715608838119003	0.468237705092401	0.658810757382174	0.754225303838434	0.456164735162348	0.570618833839985
Sg_A19_11	-4.74604366414536	-4.73665872676242	-4.76814313046839	-0.0666351377397731	5.65837200911256	-0.00891738264356275	0.493596311510429	0.812603031135886	0.858973752609244	0.864813228361222	0.904918209000889
Sg_A20_2	-0.47365577242453	-0.783641634283617	0.217823184007724	0.608949790893235	4.48710498918156	0.129752222396797	0.443135246216629	0.174102440969264	0.275111903683308	0.231336675718798	0.344579704897316
Sg_A20_35	-3.57994452656571	-3.65972592811718	-3.49024605889923	0.336032093006722	6.09684662885499	0.0480688960891901	0.474263764545627	0.629070931083599	0.725927844890008	0.697917598708881	0.774876609388881
Sg_A22_19	-0.872173171426388	-0.8934113375454	-0.81385427826683	0.699257813756605	4.87286309963317	0.137068887062826	0.432010243656401	0.0628009133428071	0.119477839096565	0.153409089570626	0.24775150415815
Sg_A22_3	-4.82322974721655	-5.28161107194402	-4.45262128776071	1.0183272756865	4.07062123156976	0.208977993499367	0.390625000628077	0.0154222584259947	0.0373767410216174	0.0209822333503649	0.0486548592980892
Sg_A22_8	3.53804487974444	2.99684474944965	4.48416818660743	1.24882605355821	3.28543382372064	0.357348163105327	0.345454546388321	0.00147757001727988	0.00624883161717541	0.00101088924598496	0.00515032585741304
Sg_A27_23	-0.506734248762689	-0.599044911589637	-0.030549528894138	0.57893234409485	4.7499776151481	0.111731647024742	0.445838668673376	0.29485234306651	0.411499983361938	0.208609460409913	0.319757688922053
Sg_A27_31	1.41551304606136	0.728777756313698	2.55056436246232	1.85060173223487	3.94962632074762	0.450472261286138	0.308913935649714	0.0000273293528857667	0.000239168061422416	0.0000425456022005876	0.000412101107759953
Sg_A28_8	0.39640269151099	-0.800583655570642	2.08591331784527	2.04917484860479	6.11157371646366	0.302552235018352	0.373463115493298	0.0158289192814424	0.0396755825253533	0.00649277323632274	0.0199905998468891
Sg_B03_29	2.27540489315059	2.23266105021608	2.31466900709492	-0.630959640902169	5.63503200649943	-0.111792832510132	0.446862996452473	0.181377371263657	0.284802387265534	0.249291839557387	0.363690960944101
Sg_B04_2	1.4885720057182	0.203389079611331	2.79043886597993	2.22443037986807	3.69278416078233	0.547451599626997	0.274263765954035	0.00000228096920491605	0.0000333151482093398	0.00000144667703116294	0.0000483204151583284
Sg_B07_38	-0.97418285816523	-0.70016360092561	-1.16541203444799	-0.709503550605498	2.71500240039509	-0.233821978834716	0.381306018613115	0.000744848122877194	0.00370470357951156	0.00986870529939172	0.027429907707585
Sg_B07_50	-2.13120073083306	-0.654416295791638	-3.51785967044602	-2.60117802454444	3.75174523718115	-0.595740092900975	0.248463116595415	0.000000000212574479349938	0.0000000544190667135842	0.000000124459085471873	0.000014789530391963
Sg_B07_53	1.27698153370831	1.83627048442467	0.151581456326709	-1.68980221587756	5.04931613697404	-0.3196638929235	0.347503201943168	0.000875719437888849	0.00421290223289424	0.000850332312412746	0.00455746653012822
Sg_B07_62	-2.35449458153989	-1.67792039370119	-3.28346725063338	-1.55190591568951	3.63480889364865	-0.389203389152834	0.319846351963654	0.0000473026160143121	0.000370313891346993	0.000123319512879325	0.000959689948940029
Sg_B08_36	-0.219582789807749	-0.11045450402167	-0.427872905768585	-0.257335386140471	3.25071022030916	-0.0704364829210177	0.466188524775882	0.70464843611563	0.783922918278373	0.494088883395858	0.604347156850601
Sg_B14_1	-2.43642621226937	-2.84277544907715	-1.49237952008939	0.775423869074842	6.48769064094935	0.108381504303528	0.452240717292849	0.378023490093463	0.495372095205006	0.295143610336228	0.411313985619009
Sg_B14_13	0.834244040935476	0.605621921183848	1.07957652693528	0.337778813543617	4.10735486314793	0.0761911439288008	0.461715749250144	0.600733094841523	0.711597598113118	0.41603239927871	0.533438446080554
Sg_B15_22	-0.975760918801967	-1.62698392222278	-0.821987311187492	0.920727248479594	5.16157110075148	0.163382740005312	0.431096311859443	0.0703919308858017	0.130013088181788	0.122263422311784	0.208189835403909
Sg_B15_23	1.92862058815227	1.93280080648133	1.91179279444743	0.0389588129122278	3.47148541261544	0.0112029650056311	0.496157786906255	0.665259318478251	0.758718352441255	0.978991857526176	0.983519209179466
Sg_B15_35	-1.94043795919024	-2.42400479060859	-1.16876693528229	1.44863893510968	3.66589564906219	0.378133647487754	0.330089629730933	0.000128616123192802	0.000876061335842423	0.000138808903522276	0.00104692028142191
Sg_B15_52	-1.70201560243729	-1.37965303795537	-2.27142853152497	-0.427083410221262	5.23183961114249	-0.0770971797256376	0.465163934617629	0.815306300633743	0.861084643476854	0.396956840741703	0.514923974141736
Sg_B19_58	-1.29668598470857	-0.927942642936138	-2.14665756571165	-1.0032492456459	3.96519752445367	-0.240340081580988	0.385245902301665	0.0155470894435228	0.0396086067910512	0.0147169543679802	0.0371851171904504
Sg_B25_10	-1.51099037240664	-1.86218353160879	-1.1550883583098	0.772418218801191	3.59087971476085	0.196575833477189	0.401639344821745	0.00874165445123411	0.0250482268065703	0.0358585711851915	0.0764264684101958
Sg_B25_38	0.255604923476695	0.544593115423425	-0.00411373029074102	-0.115221412222721	3.65389797556951	-0.0299163901937756	0.486680327941732	0.84728841194247	0.883804869307885	0.719007261942989	0.792216871783718
Sg_B27_18	0.171213856335985	-0.303356606787315	0.390022946940371	0.583984293029697	2.71654665719487	0.199075873955385	0.409218950577035	0.081522014379484	0.14681645756834	0.0350191844538496	0.0752399580525138
Sg_B27_6	-1.1028365147146	-1.23629860901961	-0.901926350456941	0.432617842695887	4.23164341982388	0.0977332474371366	0.457618438133412	0.376071847584192	0.49812600677879	0.3394710889061	0.457461543337132
Sg_C03_36	-0.232646037059403	-0.0778199348799555	-0.834151710362706	-0.19920349262136	3.83187989671971	-0.0481225496897014	0.478483606675239	0.920304124532512	0.933946636439499	0.588169551096422	0.685539307460705
Sg_CA11_3	2.89051981456438	2.26359461356558	3.68254850887613	1.437199985964	3.84438741692306	0.340683375435945	0.348783611665008	0.00205381627062983	0.00805536409474454	0.00107727412743616	0.00536453817310211
Sg_CA11_52	0.182619227709378	0.0127975952842068	0.74006796061374	1.07090432779342	6.07005075779847	0.17927855416188	0.42791293254059	0.033121016593113	0.0736937010045082	0.0930925079481683	0.170065584310957
Sg_CA13_9	0.548359417429635	0.545531215819553	0.565686882042788	-0.0600593098828393	3.20995233905133	-0.0197652681042793	0.490909090958788	0.799550857116001	0.850398877924169	0.90117529488641	0.937207818953438
Sg_CA25_14	-1.36209185577771	-0.0738051241593807	-1.95756935073428	-1.73366313066047	4.67481349991147	-0.364351651973811	0.320358515851928	0.0000121301747788399	0.000127409334792961	0.000167924548329463	0.00120442036329778
Sg_CA25_21	1.4720686119293	1.98631940560872	0.290158621439114	-1.27926157491724	3.32277225440281	-0.349803284599286	0.347079918955176	0.000184818637815945	0.00118732746986847	0.000681724362721958	0.00390385646668297
Sg_CA40A_55	-3.65278680682697	-2.88458946835148	-4.48419736811924	-1.95424555476768	5.9244652062868	-0.344381541645341	0.320614597796069	0.0000000830517053056302	0.00000215462864953802	0.0000619228577355135	0.000550494373733722
Sg_CA9_20	1.55037785699421	1.17445824132004	2.21958128520664	0.887784239385835	3.16045289991072	0.241561695024325	0.387295082616428	0.0427127389854821	0.0907664172837415	0.0184740764177565	0.0440460891261687
Sg_CB03_44	-6.04862811938284	-6.01610974308028	-6.12112755875315	-0.0396085916949804	5.09045643637374	-0.00526270288435943	0.496542893744885	0.708327759905827	0.780505899973458	0.805632782606512	0.85732958936401
Sg_CD23A_32	2.30345415704286	2.45327395726955	1.87996228428305	-0.500728901335491	3.75235445440336	-0.125318437859652	0.44057377082138	0.169223334747673	0.26981828769965	0.152338790851461	0.245768374987962
Sg_CD24A_10	-0.575807624940412	-0.607179694607217	-0.404579841560373	0.147027527054238	3.66067245737078	0.0369641589523463	0.484631147625094	0.777990574825043	0.835043113218331	0.828788561314654	0.880896608454891
Sg_CD25A_53	-3.45919329695788	-3.50020093582075	-3.24042112778249	0.30515385199547	5.03323985153108	0.056703841132492	0.474007682600815	0.587081151879609	0.689920235733578	0.496467323786821	0.604857194615314
Sg_CD26A_19	0.869562116546912	1.13542187215168	0.191000226820473	-0.932672585079353	3.2103621867926	-0.281559723320356	0.380025608890317	0.00574186434601099	0.018372274245524	0.011768119450105	0.0315065048537949
Sg_CD30A_34	0.0259859680695955	0.179778185879828	-0.390375461055042	-0.543779428893197	3.23482001560506	-0.161906773498524	0.433145492175468	0.111019390426774	0.188037089438436	0.120782281586731	0.206238800203652
Sg_CE19A_15	2.38618112483922	2.71871237528828	2.10470072756475	-0.326302821152754	3.30623434547016	-0.0898348009944177	0.458504098589114	0.646568217372529	0.745491634239741	0.372931334588124	0.492133638078902
Sg_CE19A_24	0.857206733992335	1.17177034585561	0.417484807775887	-0.445633542205137	3.20679016509339	-0.121950037422829	0.442879098677102	0.710343323208631	0.787479039366998	0.206715577788966	0.31796762712685
Sg_CE19A_29	-0.305313727574783	-0.0184565718997574	-1.02281369474892	-0.990396048595281	3.56871049325502	-0.253654683346882	0.38780737769513	0.00690829990932781	0.0210055416411748	0.0107005351819802	0.0292861867913358
Sg_CE19A_36	1.7689418274329	1.8343682182312	1.55797372744368	-0.369414194258699	1.47120963360053	-0.221322107879082	0.396414853344341	0.101725041152217	0.175536406276271	0.0301874900161746	0.0665632213421007
Sg_CG50A_49	-1.49935442076455	-1.57114195108427	-1.29041119935762	0.551799264237865	4.69201361837866	0.110197595457249	0.45070422562415	0.300679219773114	0.417876728515991	0.25225610894958	0.366961987856137
Sg_CG50A_74	0.777685929414091	1.20811183491447	0.319513129914089	-0.828323303003123	4.36970908514517	-0.167964091049298	0.419462228364781	0.188116080591558	0.293099908823557	0.107549770456002	0.189885708952878
Sg_CK05A_18	3.13687106420834	3.39922119433217	2.5995498219153	-0.750405480617508	3.32451961264337	-0.212756623832012	0.410092213622763	0.154081049207025	0.250849893471214	0.0522990830078625	0.104122720276883
Sg_CK05A_46	0.336552145400439	0.872535484539164	-0.262220882008587	-1.18148708219096	3.07588747327617	-0.375981179418516	0.324711908902648	0.00000996512859867864	0.000111290023060724	0.000184297823281837	0.00129531648565953
Sg_CK05A_56	-0.26329398144345	-0.464641014479417	0.165558126706011	0.612271471807709	2.26358701388825	0.243182567806423	0.385659411670856	0.00807215073667161	0.0236385185454031	0.0137800008421482	0.0354712303038013
Sg_CK28A_36	-2.27556866137584	-1.84910422611971	-3.04986018662753	-0.893607022779023	4.42572400054973	-0.187032627557034	0.405121639462317	0.0536673840193574	0.106470539963813	0.0352878672384002	0.0754513781598201
Sg_CK52A_43	-0.882569107914303	0.398618428326408	-2.28970785490146	-2.43400329500168	4.47932286901176	-0.496261581103522	0.299103714497441	0.00000233792115977931	0.0000313809285328469	0.0000247841486877834	0.000281595262029166
Sg_CK52A_74	-0.00909478803043395	0.84360997030985	-1.22409409191175	-1.2959362586739	4.32550695608068	-0.269238053808666	0.371157787639812	0.0169679910196365	0.0426063972968787	0.004813632660153	0.0162713825625121
Sg_CM17_16	-2.11368957097611	-3.79881709754982	-1.07588856700952	2.03950116884532	5.64301655826053	0.322972526285356	0.356466069996959	0.00936485792939409	0.0247579465432883	0.00250857064804612	0.01000016034432
Sg_CM17_58	-2.16624040578488	1.71363086913967	-3.31011154517875	-3.83467749254345	6.34848542663872	-0.55957969392886	0.308578746424203	0.00000000637076336000159	0.000000349965468889161	0.0000416312529880496	0.000404030509853375
Sg_CM17_7	1.02944564172299	1.96308555634413	-0.278000210643311	-2.18277972615516	3.54792407701598	-0.563255129000638	0.283226633981244	0.0000000145169753634456	0.000000552390655844493	0.00000227013221872542	0.0000587484268287663
Sg_CM21_57	1.21936981872522	1.19812017975615	1.2921956225017	-0.330784581081123	3.8734130495653	-0.0767163870503075	0.470799180488075	0.368304901829657	0.489558034665484	0.479285002923558	0.590622221500395
Sg_CM29A_16	-0.814379355397078	-0.328706327477788	-2.02621610173468	-1.27293314212265	4.23671158750605	-0.285342876643834	0.36696542971966	0.00269219705617538	0.00996051191051717	0.00355970531111401	0.0130530126184746
Sg_CM31A_43	-1.55876765509236	-1.89812934727265	-1.11729823182562	0.797630184727047	5.22466680461523	0.139432738238771	0.437387964496143	0.0621222415665543	0.118411182854255	0.145589103193731	0.237542779747602
Sg_CM31A_52	0.675580559366123	0.785704818560693	-0.0912376793092982	-0.674626622157488	3.5423347535812	-0.18222132020717	0.419313525043123	0.047698134585671	0.0980980471181238	0.0883417915743982	0.163228949912727
Sg_CM32A_26	1.79559520719621	2.36733136973657	1.27859102821971	-1.16544385604155	2.31133440124421	-0.46301953822245	0.2903969284063	0.000000485237163479431	0.00000972912092557731	0.00000745136502307329	0.000130225838027667
Sg_CM32A_49	1.5310943649322	1.54131279315459	1.49304545670071	0.240770870015177	2.12481328675415	0.103710880067916	0.457991803510007	0.376460992102248	0.497837224082418	0.311395405046666	0.428317685418904
Sg_CM33A_60	-0.383953315183935	0.0626993922800541	-1.35097252609343	-1.26022343410125	4.06262018992342	-0.284716388484539	0.373719263032582	0.000818873192953735	0.00397947757945416	0.00513113936426962	0.0169746785673129
Sg_CM35A_15	-0.470606023534881	0.172350521502054	-1.65263103174214	-1.89134982127933	3.20017981780815	-0.565609735300769	0.256147542733007	0.00000000374161306017219	0.000000301848215513949	0.000000256345886736978	0.0000180998020511421
Sg_D02_32	-0.909362518128983	-1.04403003542544	-0.614705882044135	0.478103988695564	2.89068685547363	0.160377863390063	0.430217670043214	0.0617544284771279	0.117926609236603	0.11309470430538	0.196302572311053
Sg_D02_9	0.348602105366434	-0.027466881404405	1.01312094764862	1.11621372221609	3.77031823802246	0.280646502331285	0.376793033504084	0.000448878230080636	0.00246615370269298	0.00610070871358803	0.0191642163249934
Sg_D03_78	1.81987021138411	1.64254469943302	2.10517864954077	0.251028460490629	2.73059678685198	0.0819640001483656	0.460040983826443	0.480422718680825	0.607603142147276	0.407206575689769	0.525090857754536
Sg_D09_14	1.83474989563144	2.19750020666673	1.43029994224551	-0.433086370080443	3.16533815812086	-0.126050223829231	0.440460947833252	0.161593311151313	0.260100723396795	0.207013379276646	0.318249159803499
Sg_D10_17	1.69781306937674	1.72322589027466	1.63712265725102	0.125389987075652	3.35291372047657	0.0346783472306377	0.483226632614174	0.354742441318237	0.476297122934065	0.623208650199022	0.714198271726214
Sg_D18_45	-1.00892848718692	-1.78383703160974	0.644423485109359	2.05649739546253	4.73966606742769	0.403883581325877	0.326760564456162	0.0000577897001917917	0.000439192344388837	0.000203561183246622	0.00139101135207215
Sg_E04_12	-1.62777545028953	-1.93462387593696	-1.06040114312716	0.805108816550614	3.90686233836696	0.182887322694057	0.412141393938306	0.0270905982142061	0.0625589755081994	0.0495897730241312	0.0996552223320495
Sg_E06_10	-0.27631607733331	0.299702155384417	-1.23390945944219	-1.64542379814104	3.4346585390276	-0.452203448923294	0.292264345635082	0.0000385047709638638	0.000313070435702351	0.00000650945369032474	0.000119017870952916
Sg_E06_24	0.162837767460205	0.138643140668524	0.260008276668498	0.0622757678036745	2.61851869854358	0.0234407614890682	0.491034836114608	0.909607097589285	0.927638472215642	0.941619350861823	0.961314092537262
Sg_E10_50	2.97608105699945	2.83429141486295	3.39085729599835	0.569209619888431	1.97280352608339	0.275334606535714	0.380793854723992	0.00986279554291995	0.0275271993297742	0.00798819589574162	0.0233238200010752
Sg_EA47_17	4.35809750295317	4.66255049862583	4.2789717672523	-0.291854276392745	5.8152524376529	-0.0489149727186925	0.477592829828204	0.554606281149688	0.674862012648885	0.594778026793998	0.691684785752763
Sg_EA47_9	-0.9684680177157	-1.12429831786527	-0.821184974976399	0.260882878546957	2.34816990006145	0.103761938324265	0.45736235618862	0.520665803370662	0.641045428550839	0.303271158845732	0.419899918147201
Sg_EA57_9	-2.77095619830966	-3.26961887506042	-1.80434961558465	1.28904700960325	4.77696815393906	0.24212012694405	0.386526639998383	0.0237250350146638	0.0531030828825058	0.0168678432592807	0.0412018635292037
Sg_EA61_27	-0.649519008791665	-0.546773569834992	-0.869836077122656	-0.23903801134273	2.81359217197133	-0.0778482022249123	0.465044814532552	0.5342588711785	0.655661260675733	0.484263769429944	0.59524418327583
Sg_EB08_12	-4.68224832820248	-5.17568960205995	-4.01044478854717	0.97537095814655	5.54105122667457	0.155926638259074	0.425352113093294	0.0742837847993151	0.132328412718642	0.0750723541777003	0.139749950793099
Sg_EB09_7	2.383491244915	2.3975710703047	2.33002857328017	-0.181099066580659	5.06990227633274	-0.0344265053882275	0.489628681234678	0.5803140236258	0.695104996129964	0.745583575983021	0.812456385486719
Sg_EB10_11	-1.14307581159276	-1.09242397027576	-1.30250840773953	-0.335389610362515	3.88036137501257	-0.0798749476916237	0.460691421470952	0.296039569619065	0.413573779174827	0.417643848739167	0.535024286779391
Sg_EB13_4	2.58774741114116	2.75328712891395	2.15366300152216	-0.330503967372288	2.81729066827065	-0.105818772167666	0.452868852719023	0.681925181302474	0.76889448882783	0.257575416669868	0.372536799510447
Sg_EB21_10	-0.975338689893954	-1.04118746976523	-0.823286514218683	-0.00626600565223612	2.33564630969993	-0.0032329894038112	0.498206967222918	0.943855983792304	0.953260562074054	0.92773009381581	0.951120176128369
Sg_EM03_7	-0.678974181577235	-0.282743183902554	-1.80547332891557	-1.10564226980821	4.35805659677874	-0.245402201954842	0.392573624175017	0.00988501375267942	0.027536482910833	0.0184533583597426	0.044023614207671
Sg_EM12_46	-3.34404778306544	-3.15480422786231	-3.64746979760979	-0.419457470162296	3.08419756775052	-0.125755274099778	0.439293033123775	0.106221537191609	0.181152300394184	0.180767812345011	0.282376538478673
Sg_EM22_6	0.959873793106249	1.06145326193213	0.466309372014047	-0.35356909414775	3.97129113895658	-0.0837664946399364	0.462227913139741	0.528959574392975	0.65258678010905	0.471982988303843	0.58448007501926
Sg_EM25_40	0.701076744187386	0.600748713764578	0.794342427086152	0.11718990038089	1.84503723306443	0.0607559688726873	0.470286885408938	0.931976545213457	0.944287878385341	0.530315517634948	0.63621904508349
Sg_EM30_38	2.25939245785253	1.96162919921221	2.69750387630589	0.955890520255906	2.93689225319167	0.299620176233851	0.358770807496838	0.000876950189422106	0.00423199006624608	0.00166768501981139	0.00741688610751914
Sg_EM34_4	6.80389525767809	6.9759940337752	6.18375570161177	-0.775502946839122	3.80286645076981	-0.206697030841744	0.410755442245112	0.0303213730611676	0.0698451796093265	0.0464613059983704	0.0945873119347145
Sg_G06_9	-2.82964162345709	-1.77854265569879	-3.27492493007548	-0.78964971599239	6.67581717200486	-0.124513760448508	0.436107554772371	0.175389228182855	0.277132054527494	0.199461276769201	0.306618790056197
Sg_G09_4	2.40672623913414	2.72851597729997	1.74709889790547	-1.28001404822176	3.83592875314275	-0.312285159099004	0.364754099158505	0.00124968656007403	0.00551617691455847	0.00400744843333774	0.0143505890978487
Sg_G10_35	-2.00959719524183	-2.50973894767354	-1.27732516316855	1.26643785557027	3.63315508932208	0.323642318510074	0.352368758886393	0.00242350848851122	0.00909980589033422	0.00170529067893746	0.0074791799299828
Sg_G18_19	2.2772835387502	2.60220408999224	1.67368600933926	-0.677063837133717	1.98148145786886	-0.309960668162256	0.356466069996959	0.00607779484124247	0.0191894976591864	0.0017685658914122	0.00770372443908584
Sg_G19_41	-0.254944731290054	-0.553180933808616	-0.0775281051855696	0.452463302665226	2.82001200741138	0.137947467367739	0.430071721701445	0.157714867575688	0.254214125340742	0.113450078973175	0.196991933694116
Sg_G21_58	-1.2768096943888	-1.6753175738312	-0.143860975850498	1.16581408752609	3.49068933473994	0.300471806518592	0.360399590991749	0.0534385634823377	0.102520439311152	0.00330902523857367	0.0123758219083349
Sg_G22_16	1.18779970348009	1.54143155833441	0.275432779374628	-0.870914563943594	4.1733760523936	-0.194787834838078	0.415364917249527	0.0688986013938597	0.128148790355383	0.0904556686167688	0.166512740769142
Sg_G26_10	1.03714020484635	1.84040036551458	-0.171887620149316	-1.7407794459711	5.67308191816551	-0.293517398779178	0.369364754864955	0.00562253532801322	0.0180593693896008	0.00326377043447652	0.0123401901098554
Sg_G26_22	-1.1712128629645	-1.04700975636708	-1.32410815283951	-0.352418841829535	3.39923782753179	-0.0905348155629682	0.455942623193594	0.364917940988229	0.486701238285743	0.345956195126231	0.464586903360865
Sg_G29_33	-2.3648357386376	-2.35077529057785	-2.42196294109217	-0.29814718025736	4.13035790749398	-0.0635862027214919	0.469910371483854	0.260090019575535	0.374073101277718	0.569597744084318	0.669270515448965
Sg_G33_7	-0.107386957147241	0.147762935552826	-0.437236210805195	-0.461563999216251	2.85473001610588	-0.148006805144898	0.430473751987952	0.225691864342848	0.338229048289498	0.139454998524556	0.229784903591192
Sg_G39_28	3.15419673375649	3.15936403235425	3.15114287448905	-0.00796519386678085	5.47425224558694	-0.000909529531960506	0.499359795137942	0.896212566733046	0.916540840036568	0.922867325336165	0.950717518521806
Sg_G43_29	-1.67055763273106	-1.69481831114579	-1.59141342016201	0.0739016135357691	3.40168473890629	0.0205892998063488	0.491034836114608	0.522885465104433	0.645873214848877	0.76124345588789	0.825447750663747
Sg_G47_17	-1.66216274870258	-1.87261424046849	-1.1982191076902	0.812462319129255	3.56057646562393	0.200041913435459	0.389244558895133	0.0592795392567367	0.114697657608047	0.0246234287821482	0.0557641953046286
Sg_H04_45	1.63959241703241	1.16298653826293	2.46526529958583	1.13568589194158	3.77979134043238	0.269400236279857	0.37131882277615	0.0491212813684874	0.0987676640973916	0.00433546745572641	0.0151643307036205
Sg_I05_27	2.39584794846136	3.81509221412471	1.20391620182464	-2.2851869402732	3.76800778654764	-0.576844837920579	0.275800257615499	0.00000000553907738626412	0.000000319988170469443	0.0000014667225735115	0.0000484001701145246
Sg_I06_25	-0.72825089933233	-1.0466913891883	0.214891199629032	1.13354647630246	2.94433757046635	0.340279147449237	0.341956968173154	0.000540675235938174	0.00286537819673225	0.000824237405000175	0.00443250507457429
Sg_I07_11	3.849844841254	3.94212769125052	3.24228746676605	-1.03785613781221	4.18951931745299	-0.23783559506213	0.390112705549349	0.0112629759615081	0.0304573039430414	0.0172673979594598	0.0419825742620865
Sg_I12_32	1.39970964305546	1.5819685080673	1.07209676017802	-0.413041332231914	1.48073239902751	-0.253499215325541	0.383965164604975	0.0413559602416051	0.0884625016219102	0.0155558870863549	0.0388093733561017
Sg_I12_44	0.823928625818692	1.23366808741181	-0.074096137947282	-1.01315898544754	4.01216875449343	-0.235851987200986	0.387038935077079	0.0242823833232083	0.0577409614753044	0.0169355490794553	0.0414258215765353
Sg_I12_6	-0.668252535236825	-0.64452232711842	-0.781124862586757	0.0198015683937829	3.2309334231847	0.00412363650151659	0.497567221524178	0.670596177202104	0.760635966396816	0.882676622852773	0.922941581247357
Sg_K01_5	-1.26573020657746	-1.25437283020717	-1.2810948387326	-0.0126158933981406	3.32881005780215	-0.00312705389463616	0.498463114762501	0.666917465696356	0.757786050582293	0.923024772516353	0.949474796194186
Sg_K09_1	-0.985560549961728	-1.36430870326871	-0.5205396416315	0.859773029352181	2.69720200279196	0.296682043141517	0.356301230364627	0.00165383039758178	0.00677352798639409	0.00160151588839394	0.00714722955627126
Sg_K09_61	0.824331029222471	1.01045696766197	0.275394525079856	-0.707294590268038	4.11653810394924	-0.153328920384858	0.431608606938445	0.136716177463201	0.225654523566183	0.130984256834167	0.218700052090165
Sg_K10_28	-2.05295923310391	-3.34086755780983	-0.453200473053083	2.36783428602155	6.68238404116477	0.31853763675874	0.360819463052396	0.00536448315383004	0.0161159768705677	0.00226422004593586	0.00925006602480687
Sg_K14_18	-1.77143191315036	-2.34028787715365	-0.0872486711892497	2.04030843844182	4.6402046886011	0.407512184947568	0.322919335293445	0.000244848670878924	0.00147892388710196	0.0001776690656928	0.00125849585309528
Sg_K15_44	0.881429434361381	0.415716618852086	1.84220438596538	1.56775422056445	3.51389417670839	0.4451320512032	0.305761845040155	0.000020480585944924	0.000191873586133993	0.0000521481306184486	0.000482406894751664
Sg_K16_50	-3.07684413938842	-3.79978110444838	-2.04487440142249	1.72494358082188	6.53077435829326	0.247447481534202	0.391393443246176	0.01954149729535	0.0472591569795429	0.0191368053244267	0.0454483302924276
Sg_K16_53	2.31739763601762	2.45523617376601	2.25033048061769	-0.0364233144760364	3.90466553650037	-0.00957996042059484	0.495262484020771	0.74042320803253	0.807846955113059	0.931246330866776	0.955528701171994
Sg_K17_22	-0.406165818839394	-0.336425124219015	-0.754918272598265	-0.73190198038614	3.01568940917463	-0.219897490491321	0.401383197282336	0.0186503099707917	0.0459215503461111	0.0335047858478143	0.0724585522778805
Sg_K22_66	0.535935735215459	0.621671020989851	0.444434285254486	-0.209345037954286	1.60257547482612	-0.119077180179841	0.447375160342023	0.220710377788537	0.331366075749023	0.282508745028273	0.398389802939062
Sg_K22_8	-0.854719608314189	-1.03676158951138	-0.513066699297219	0.57610012353924	3.0389376675846	0.171162225694989	0.422131147977325	0.0570393202860958	0.111367680727912	0.0834835818717389	0.155117820158793
Sg_K31_45	-4.17298661741364	-4.04231623993241	-4.39961191063757	-0.283712770063737	3.86281572941203	-0.0549772694680657	0.466325224256569	0.399069648981714	0.521466800628664	0.543676334277597	0.645712924404739
Sg_K32_30	-3.3899803697719	-3.0575891053001	-3.99336871616476	-0.987049892896533	5.16972537818178	-0.15452462744618	0.425973361069559	0.0205749707657286	0.0488303884459499	0.0824144474586053	0.152415763595082
Sg_K34_1	-0.384032087814651	0.336360883036093	-0.907309978852936	-1.34414020899271	2.73942680750036	-0.402797637120561	0.255057620199144	0.000000201055280786843	0.00000468839617787966	0.000000141085356914017	0.0000148252231229775
Sg_K36_16	1.9098304442602	0.92299744662744	3.18355100210243	2.54826957434533	5.0889941106774	0.474439435768849	0.304737517264223	0.00000693405948866172	0.000086240119688713	0.0000244763333525126	0.000278956498933097
Sg_K36_17	2.21650398793608	2.35438122448412	1.74878480640577	-0.506801772945806	5.03124027781564	-0.0975481039811008	0.45736235618862	0.28130809400384	0.398681136634458	0.375062232604993	0.494048335447109
Sg_K36_27	1.04864830617757	0.644363742877389	1.59539682772519	1.01986980491575	3.52709862703412	0.259358715446973	0.377561476121989	0.00343943540949357	0.0121383306312836	0.0062138010951808	0.0193590012663363
Sg_K36_29	2.03077423467537	1.69233092587374	2.33857178276144	0.619393398834105	3.5878989772594	0.165658934353643	0.431352459398944	0.103646747202256	0.177939911650799	0.11629237910135	0.201041474845689
Sg_K36_3	-0.586718623062337	-0.0649489784315556	-1.5359460985289	-1.38907808411925	3.88433448303395	-0.33531289790469	0.346311476337825	0.00174684793859264	0.00709892826098608	0.000643469442474022	0.00372574814319084
Sg_K36_6	1.15883481994388	1.21109378853815	1.10795163141681	-0.187072530604429	2.3073402505542	-0.0633158827717426	0.457991803510007	0.551463879713454	0.672240714384827	0.356229739547232	0.475149451594012
Sg_K40_4	0.0295904464087355	1.11612957417756	-1.4904337027748	-2.31621416573942	4.85106929573501	-0.455218708018771	0.304225353376275	0.0000013790759827294	0.0000221889421182607	0.0000197717943501328	0.000246460116064759
Sg_K46_34	1.21594308480196	0.817068764234787	2.11131284344513	1.2698516684194	4.80135612293317	0.242381378894018	0.386939821393786	0.0342309445281311	0.0746280035642312	0.010519017478026	0.0289189059800836
Sg_M01_13	-1.43951977775834	-0.584822251259977	-2.35625583073747	-1.75905867317385	5.04568126452699	-0.330312546915103	0.332394367229069	0.000258132593373273	0.00152501708656197	0.000447884139761325	0.00276868523615869
Sg_M01_30	0.374696394999977	0.846227106478247	-0.68156205527325	-1.396752940194	3.06325098433477	-0.411120442579316	0.309938525804866	0.0000127147725115604	0.00013200365781236	0.0000521705684283605	0.000481513858621263
Sg_M02_37	-0.889101167988612	-0.86172751691614	-0.919789493047009	-0.0431675085908925	3.88136649820493	-0.00922024309773066	0.496157786906255	0.885988472945459	0.912386707580697	0.93657094624717	0.958276466666437
Sg_M02_5	-2.15645411332971	-2.71256416776817	-1.22601133094087	1.65640570955558	3.21542149679045	0.451314231832752	0.283738797868654	0.000013049237367297	0.000132070538844605	0.00000387687305832165	0.0000837286277056383
Sg_M03_37	-1.97914148981778	-2.07286507071311	-1.83886568975646	0.100699204606076	2.10295348035734	0.0431960175464371	0.476434426358643	0.642466201078488	0.737328404103355	0.560125590885017	0.660487878295543
Sg_M03_38	-5.23625182642573	-5.42969100317833	-4.94470718653118	0.609026334771187	4.530765721748	0.116891069347599	0.438924456164687	0.176460373222998	0.272606072578275	0.193552253050901	0.295764702732235
Sg_M07_27	-3.01952874658147	-2.47180207837473	-3.78347752730432	-1.48983517604484	2.97098257434617	-0.410772927723868	0.272727274292719	0.00000715662257098782	0.0000695557804336658	0.00000210886598736217	0.0000570010185173732
Sg_M07_39	-0.367811612189105	0.531230311498736	-2.32144022600198	-2.02187965199343	5.55633382238915	-0.358024476014879	0.345030738642277	0.000821515205944398	0.00391904278370837	0.000898432580386135	0.00472730426410124
Sg_M07_4	-1.16908703439485	-0.839356088560966	-2.211564745002	-1.67526033608045	5.24240897045502	-0.297709169669881	0.363729509001582	0.00482452125344049	0.0157546808582518	0.00384251651056131	0.0138050066091616
Sg_M08_36	1.43305774836257	1.35096561280215	1.55989837056599	0.111308076679825	3.64303004721625	0.0303872122882438	0.487192623020892	0.557829583167357	0.67701416628203	0.698748522923109	0.776452632938946
Sg_M11_5	1.56761791468339	1.65595762534701	1.01553352303628	-0.667230747304593	3.98869894249265	-0.153365560991603	0.425352113093294	0.0499582692046218	0.101421898970578	0.102126207169498	0.182701338696502
Sg_M11_7	-2.26462490106692	-1.07071858195333	-2.90542571433553	-1.76461962139135	3.72296399196268	-0.458953757010725	0.287836108968462	0.00000000602756371496644	0.000000332634798771054	0.00000807163059014394	0.000133332636731726
Sg_M12_21	4.39367558714989	5.09498083046062	3.98430083927449	-0.585399502096051	3.66827561622175	-0.142554447450882	0.443903688835214	0.527788104483728	0.65437748225435	0.226014179400547	0.338692380763707
Sg_M12_39	4.27914936925839	4.4211179229241	3.6887003704663	-0.757851981842558	3.57844341561546	-0.194329491610084	0.415877081138923	0.0588159904738733	0.113776541518072	0.0614875542666165	0.1193159046521
Sg_M12_6	1.9415755859789	0.948912645029963	2.47942325623045	1.76967316841769	3.98662419461395	0.425132137536118	0.323258197825659	0.0000409294862115255	0.000329592341127053	0.000169117472446214	0.00121818790357261
Sg_M15_10	1.22204833432933	1.41352176561175	0.758605840539985	-0.934681389892217	3.65732293646458	-0.244890656955832	0.387551230155779	0.00828155128749621	0.0241813840265084	0.0161184052029644	0.0399250683870731
Sg_M15_29	-0.0838338372183225	-0.0126059067580604	-0.142286267911105	-0.318934500800225	2.98102843477951	-0.0877432372345066	0.456967213351797	0.277921261264914	0.395158174780524	0.333704882263555	0.451271929506942
Sg_M17_3	-0.191281402370683	0.655130623226575	-0.846512928410627	-1.20253310184667	4.11827957821471	-0.278673444040973	0.374487705650439	0.00549670441930249	0.0177796173493815	0.00541386147915728	0.0176046997841206
Sg_M17_33	-0.00897696934064385	0.233967640146102	-0.924372555408772	-0.792147511106162	4.65840528591084	-0.168919077934694	0.433401639714974	0.0994922845877112	0.172245179235167	0.115935157482285	0.20040535344283
Sg_OA11r1_10	1.34951804988251	1.2069883182096	1.64274438592835	0.69589530872869	2.02806993197054	0.324428811829081	0.352459017277084	0.00103508108774362	0.00476713233598665	0.00153969816939816	0.00697869910469811
Sg_OA11r1_12	-1.27160339697564	-1.60991892863111	-0.413549880787821	1.61431578773657	5.2378665474681	0.287309637207479	0.371670082718354	0.0155230018289391	0.0388817357233101	0.00542258715814727	0.0176614157309682
Sg_OA11r1_9	-2.32330703589215	-2.76113624474528	-1.09532654832941	1.6467676716539	3.58692521780055	0.414162982297985	0.302510247181037	0.0000971387162503963	0.000683734081409314	0.0000181097856178343	0.000229161726234768
Sg_OA7r2_4	-4.6549306995014	-4.72730487861551	-4.42629278552795	0.271382076519964	5.83469034273261	0.0431405233092239	0.476434426358643	0.47448128190178	0.588957133090778	0.643402617014849	0.728045275425743
Sg_OB03r2_1	-5.24101393023562	-5.29307268647703	-5.13839457104078	0.34682644862292	6.96037508956351	0.0490359025430366	0.473751600656003	0.611545985777203	0.712164525378833	0.567028490802054	0.663762548202089
Sg_OB03r2_39	-0.756678609623632	-1.33779068696925	0.407646574281524	1.72365763112403	3.96955039399494	0.405518861800204	0.324538935520319	0.0000401291175125484	0.000322888188623686	0.000147235849668186	0.00110754835779824
Sg_OB03r2_6	-2.55228092956918	-2.96246680392354	-1.74551982800079	1.61107868339503	5.3932227571116	0.278253944029653	0.356813525442995	0.00263015484933822	0.00975514285227132	0.00234607874335234	0.00950294902941044
Sg_OB05r2_32	-0.401549035956572	-0.327184853128871	-0.543133088180705	-0.143990454750067	5.19628460911624	-0.021955149983672	0.486424180402151	0.847799633985518	0.884556904163719	0.733234461213022	0.803528501335756
Sg_OB05r2_38	1.62056044922563	0.942751375823573	2.28231526464667	1.40393363667548	3.91652512161072	0.322047121996028	0.351690574659621	0.000131255566027318	0.000901027505619405	0.000695912987526824	0.00395423354019388
Sg_OB05r2_8	-0.465671151219623	-0.402044707056175	-0.649975658001851	-0.212921838497421	3.13205135082392	-0.0604500363261212	0.472336065725491	0.687009787125302	0.772207474207451	0.561329787837017	0.663227509343797
Sg_OB24r1_18	3.15298651595149	2.47759160714226	4.22379942367565	1.70221749467373	3.2955930164952	0.460758896109167	0.303201025600412	0.0000220672375994715	0.000202889943011947	0.00002657205562429	0.000292183316850415
Sg_OG24B2A_25	3.14272798327154	2.74738783219581	3.64400721338029	0.770456512465248	3.26766518754801	0.218991075483026	0.398719590846048	0.0171193160227124	0.0428133294400188	0.0366563780905975	0.0780391289900121
Sg_OG24B2A_8	0.320007554563008	0.498193760926097	-0.218401698706963	-0.745274082634252	3.06203824594312	-0.222950816178631	0.398821721888301	0.0797688207786464	0.144197169228333	0.0256366720060776	0.0578461202410793
Sg_OM21r1_55	-0.822184946542331	0.631193931831817	-2.16097784072827	-2.33920959202984	4.41038433365376	-0.484444013185057	0.281762296556036	0.0000000272377294146883	0.000000880724116027587	0.00000146520770822177	0.0000487335269787225
Sg_P15_12	-3.87958258748333	-4.02765035659199	-3.61490787561981	0.461382351849848	2.93848435940596	0.13110941304446	0.425204918451099	0.134851112465638	0.220806169241889	0.11679268085394	0.198944825483354
Sg_P15_2	2.11960556324908	2.08050159880697	2.17229585553774	-0.0532306757100134	3.16673571518064	-0.0139408420736273	0.492571721352099	0.686997918301855	0.772473057916951	0.93883334736365	0.958764494395784
Sg_P15_21	2.56709381704532	1.79633080878859	3.93036230240024	1.82159971708245	3.78954100434282	0.432844532008654	0.315317624120123	0.000384487382839714	0.00215227250188891	0.0000904855689753758	0.000766094254246588
Sg_P22_10	-0.292160561938739	-0.135076369509396	-0.50144216205056	-0.492924661894603	4.78746251956766	-0.100669479441173	0.456338028409453	0.210303392068013	0.31945369513519	0.286106291344844	0.401792009229048
Sg_P22_13	-1.28295329588553	-1.87071033137761	-0.543818117542831	0.832107475442447	6.59107568467247	0.115880770793928	0.450563524863133	0.352073850528618	0.470825127099794	0.27551697567658	0.390727127421166
Sg_P23_1	-0.845710577555961	-0.728363215518106	-1.03661301642787	-0.417083001557686	3.10560262137449	-0.117678470233204	0.446465164230529	0.323902101807723	0.443735826762619	0.235792830812715	0.349295140474294
Sg_P27_36	-1.37415932758082	-2.08366623553427	-0.541240713972424	1.8449503732702	5.09786431044865	0.340878441327215	0.349385246807327	0.00119144151458302	0.0052859480778723	0.00183020629328586	0.00788950463826012
Sg_P27_4	0.154969115483907	0.00380807134360062	0.626354143364993	0.715312692559206	2.88443694146277	0.214807273835146	0.402560820015737	0.0139975628520673	0.036308348494804	0.0359354740410173	0.0769130227751153
Sg_P30_9	2.08869254212872	2.13309018869553	2.03082160849074	-0.118369258583195	1.99866047624596	-0.0533466445860302	0.470166453428663	0.392372223679301	0.513645430193182	0.621669142508947	0.713224021923296
Sg_X05_12	0.200612659695606	0.361145907371172	-0.643388311054514	-0.74151610765827	4.15586273412601	-0.1700892034646	0.426120358927475	0.0762064409186328	0.139116657456892	0.0965912861372928	0.174828358215534
Sg_X05_3	1.29095275288567	-0.0212532111996815	2.68018095590716	2.15185113601626	6.3509939458049	0.324999419968484	0.375672215833043	0.0106846089279433	0.0290882604288429	0.00795445202961353	0.0232623179772953
Sg_Y07_14	-0.514117978938821	-0.72821127721196	-0.371462391271784	0.326061607861164	2.83362351197814	0.102117475344204	0.454801536740715	0.220585140421383	0.330389490194262	0.284023309207327	0.399841935082779
Sg_Y19_10	0.0567240063841279	0.057369191671433	0.0557076833149139	-0.511936860292314	4.19906590831683	-0.113893456007879	0.449026639625893	0.318500306337872	0.438899645233276	0.286748384185267	0.402667393744757
Sg_Y19_13	0.0619899577588523	0.357925450849754	-0.386676733587171	-0.322404334091469	4.07640954465745	-0.0790668886389561	0.468629961759817	0.655652786375135	0.75153770937652	0.388348022874139	0.506888581309521
Sg_YA03_20	1.39195533833367	1.38711879547027	1.40568385764573	-0.213926599255994	1.69625806463887	-0.112279427989002	0.450448143679368	0.327586151214368	0.448880763948958	0.292019900340252	0.408267804087003
Sg_YA04_9	-0.515002122248876	-0.807616249273594	-0.180503924543838	0.759671473501631	3.78370204087872	0.187801095964482	0.409731114466391	0.0239288402330715	0.0566968023542094	0.0613043802686063	0.118985402295053
Sg_YA12_28	1.51124607964347	1.40823548806742	1.98362842398804	0.451987518558036	1.6265786721384	0.240001528827307	0.383196721986976	0.00683127448616123	0.0208922726046674	0.0134991572393574	0.0349500125098574
Sg_YA12_4	0.361309929176993	-1.0820576358836	1.69355242485171	1.80023105985435	6.08692741716426	0.286350751621345	0.378073771200599	0.00196939862743749	0.00777173534813562	0.00642172384222332	0.0198157725955826
Sg_YA13_10	0.614535680381625	0.654295972092621	0.509167786362423	0.00936191835007438	2.57088650118428	0.00326545091228399	0.498335467358648	0.863970704297435	0.89446419462184	0.935290827918636	0.956494715474318
Sg_YA31_31	-0.552744976127018	-1.58169925979354	0.510628044083058	1.87131633209211	5.13048253098335	0.342343191312692	0.358002561663531	0.00280006194035244	0.0102955830939566	0.00267659749633129	0.0105450310931319
Sg_YB34_1	-1.62890121047896	-2.15723791221062	-1.00543925955501	1.14068331741341	3.18170573520589	0.318198792885361	0.351690574659621	0.000332771830769408	0.00190886799267442	0.000774105191912335	0.0042230584561346
Sg_YB35_19	-0.407937515145305	-0.885154925808546	0.261604723249861	1.11051654900602	3.26232153898912	0.313109522241813	0.36363636444145	0.000483289937098735	0.00260616377728608	0.00268174899270266	0.0105653231841993
Sg_YB35_7	-0.503666847504122	-0.463636782203124	-0.722522611515251	-0.0699439702956015	2.84621002885389	-0.0207200344485613	0.490778688575027	0.672762679575808	0.761910014079344	0.742854103702116	0.810991370840635
Sg_YB36_42	2.31925530299828	2.14805058693215	2.74618841386061	0.700009712197176	2.52229326226361	0.271685252970878	0.366803279472425	0.00488426535359192	0.0163012460008598	0.00553107481058232	0.0179486434548857
Sg_YB37_28	0.945343259337751	0.464585683486849	1.58728421429365	1.21417962491229	2.12124648202649	0.546084707194086	0.272028690098176	0.000000477786242703367	0.00000964820373621815	0.00000131068984597768	0.0000471803105643353
Sg_YB37_7	1.11862685122726	1.34696849202306	0.901527135033319	-0.442279158372545	2.27721147591083	-0.186506894247746	0.405737705452417	0.057712996101391	0.112358651256102	0.0500289530317624	0.100470555083405
Sg_YB38_12	0.982096253486937	0.887446359213893	1.23855379498732	0.285943791833122	2.04998447538901	0.121002805682907	0.437243852807635	0.218310207855256	0.329436126616558	0.129048243463548	0.21648130706518
Sg_YB38_21	-0.227943131518016	0.0119571882414151	-0.484572538930441	-0.571120713524099	3.18821323678174	-0.156112568985877	0.418288934885255	0.0388439738736265	0.0847142302909589	0.0478452387672035	0.0967819071903783
Sg_YB38_6	-0.754195123679243	-1.01775452207177	-0.463060151579564	0.782223374334889	5.45203743987977	0.140391655141673	0.438524590505219	0.209152261778589	0.317505822478528	0.202336673734793	0.311583635933402
Sg_YB39_24	1.17143842031082	1.0943616805427	1.28254989777038	0.259508901188554	1.64432460242596	0.14303801029533	0.434827145048614	0.0950400560811988	0.166236571900458	0.140537391639901	0.231021358474966
Sg_YB41_11	-0.539939351871269	-0.910215051249145	0.196957065509312	1.20586255159267	2.47737279977042	0.459787808453091	0.292957747844479	0.00000750934697287023	0.0000899241563649539	0.00000566376359395102	0.000108709023376569
Sg_YB41_12	-3.20653047977665	-3.55528166675411	-2.47728584674386	0.482320799788734	5.82224514157894	0.0760451118180047	0.467213114934139	0.437642828233108	0.561543027508258	0.575067198582193	0.673689653280248
Sg_YB46_3	0.364733060134971	0.373325349767549	0.340507474852153	0.120157246314623	2.73574329321439	0.0369356541979653	0.483994878448631	0.23881026880374	0.352388098034604	0.708993090663347	0.784224321217118
Sg_YB50_23	-3.43730023888948	-3.60650793201121	-3.20946762142928	0.545960922672552	5.72056878223387	0.0901613318227224	0.457874520078205	0.26540931879045	0.378509105876527	0.306854351354826	0.42382259399287
Sg_YB59_31	1.12148221288256	1.17108858252476	1.10167986398928	0.0562257134964002	1.61237045548132	0.0346967990660071	0.482714468724537	0.835935469272304	0.87633642510914	0.78206523299676	0.842356572832556
Sg_Z02_43	2.2807497020103	2.3712824645153	2.03236738953771	-0.553526916332149	3.82194416061518	-0.138633576342835	0.441485275612305	0.104869761789677	0.179359319292399	0.207495221025369	0.319115521262938
Sg_Z03_24	3.08882603475317	3.4913990098534	2.51927938265256	-1.15909494831215	3.80089426129116	-0.299714867555023	0.367571722090169	0.00302212844826776	0.0109028221600994	0.00384465810680169	0.0139667901726337
Sg_Z06_28	1.70515378576004	1.49334386502043	1.86170977582562	0.481091529010007	4.31220263761754	0.107593358839654	0.446977459309598	0.245543238803393	0.360252322486935	0.253014172593753	0.367514724276463
Sg_Z07_36	-1.55499569734305	1.09081411181046	-3.8705812095528	-3.65480049168004	6.07080385457335	-0.590004488097586	0.263063526260794	0.0000000149611042560621	0.000000555099622861528	0.000000227423174017825	0.0000173129653569287
Sg_Z07_42	0.569668979107359	-0.0908896036365414	1.31333595277507	1.22058774226908	4.30457427246164	0.25251173524206	0.388063525234484	0.00115661079628819	0.00517867702758338	0.0102585327727071	0.0283320477808545
Sg_Z09_20	1.60214661095176	1.30495918838159	1.96813392638593	0.559573272873878	2.25354082322898	0.224084106532631	0.387551230155779	0.0352535752868726	0.0784715387764043	0.0195107897442925	0.0459205331416353
Sg_Z10_1	1.16385171617727	1.04812579354024	1.63325777894369	0.38814821298065	1.9264193887078	0.189872354807014	0.40998719641107	0.0565082364909421	0.110634541623848	0.051729142904666	0.103125283037431
Sg_Z12_45	-0.35011822868726	-1.00024769773433	0.907333856205954	1.58114398012959	4.55858427394793	0.321454566942126	0.361075544996848	0.000222695259244643	0.00136901498832942	0.00167765049666335	0.00742217538218009
Sg_Z14_36	0.716349333922088	0.741694394916716	0.637864693597264	-0.168125501150444	2.75648277446648	-0.0560156191067651	0.478873239552281	0.726283011724667	0.799129035039532	0.613037419213261	0.705570290636028
Sg_Z14_45	-1.10574840161294	-1.06510456352351	-1.25336675530413	-0.21513746713536	3.70274763104831	-0.0553300803516034	0.479129321497096	0.568951307267945	0.683622671273871	0.586970934939969	0.684637612458135
Sg_Z14_58	1.65438588402558	1.27981703341895	2.25674483376147	0.825229371525561	3.91508226722989	0.203873301839476	0.404865557517655	0.0582662538355159	0.113145189405604	0.036386584539284	0.0776210032694849
Sg_Z15_39	1.50418965585135	1.91517970726924	0.991659553009815	-0.585579095895431	3.41960008106713	-0.16554201779477	0.425204918451099	0.286180693351053	0.404080915244636	0.110391464460623	0.193285923524626
Sg_Z15_51	-2.19856941558909	-2.28344517921256	-2.01421099598074	0.472790574907022	4.57744311287035	0.0951943703638642	0.443533931170439	0.256072394511262	0.370309232990687	0.21567752592466	0.325279757487201
Sg_Z17_26	0.674342768034364	0.937011369213889	-1.19415757193886	-2.05309599419632	5.69164844765926	-0.318194441522692	0.373206967954016	0.00320187789044453	0.0113327643763884	0.00507484974079944	0.0169162504706709
Gp_MJ2_113	0.591781032556334	0.73905711893241	0.317441700884799	-0.349430467034927	2.46906771633691	-0.121440592446843	0.441485275612305	0.600352398391835	0.710699891508419	0.222200406835628	0.334749545657666
Gp_MJ1_12	0.150096537335404	-0.0981437710032278	0.566635649828716	0.663296847086383	2.53670743030894	0.239154536262387	0.389600410470627	0.0129318784101338	0.0340480213376827	0.0188371038630499	0.044802891402047
Gp_YAB_339	-0.593494491988489	-0.380783725034642	-0.69773292373421	-0.357990793230538	4.40545901010161	-0.0710428656031985	0.468750000171533	0.521596481039787	0.640732501935569	0.51884737520706	0.62566891514661
Gp_MJ4_65	-6.58527599054302	-6.60290345690285	-6.56276229462468	0.0893036297370013	4.61936242060968	0.0159524300963976	0.490778688575027	0.702454654532142	0.773859206859626	0.770759621860329	0.828718755484018
Gp_YAB_333	-4.00478298225955	-4.12312299338714	-3.82136574298667	0.414926371433105	4.01270782930066	0.0893794572450811	0.455686475654044	0.345467143092246	0.460828840541426	0.350688347086419	0.465863339294741
Gp_MJ1_272	-3.12196012265237	-3.1389056881699	-3.06994445729042	0.260814676716437	2.69203770022901	0.0784933560847511	0.456594110354244	0.0727856979473043	0.133925085077695	0.359400768348141	0.476211276313491
Sg_A17_17	1.6746985994952	1.73670355488797	1.5367137763175	0.139933468431421	3.64264591536529	0.033743504780479	0.481946222890083	0.265640060790823	0.382039598229925	0.654474922475673	0.740043974988608
Gp_NH_148	-1.71528657321438	-2.455490153923	-1.20409615942837	1.37787820926222	3.45013292058822	0.35097035559001	0.332906531117567	0.000213780577437555	0.00130218790381124	0.00062054876805648	0.00358919647634802
Gp_meta27_16	-0.97339380819826	-1.65302993478016	0.420806422600643	1.57060463332095	4.08502243550677	0.361917906669143	0.341357235278983	0.000665001224464768	0.00336916706258098	0.00110842770803968	0.00546966005643001
Gp_MJ1_444	-0.597237735669632	-0.822567526345527	-0.0219122430311378	0.878174439573248	2.18462134486877	0.334229923280429	0.3385403338916	0.00154621732389461	0.00646502031028444	0.000463397019548194	0.0028610360917676
Sg_A19_12	1.88159984684971	1.99503689842585	1.47961367609154	-0.0642715247256098	3.19465747571273	-0.0182606251854599	0.491421254848431	0.851471294080408	0.886229350402545	0.923346908014686	0.950475582124394
Sg_A19_51	0.701474665982369	0.803289378557753	0.412705069385986	-0.376009402805451	1.98861292180036	-0.173730032793095	0.422791293646067	0.0503755050034763	0.101843832073706	0.0847578848715025	0.157360481650488
Sg_B07_12	0.183596883792301	0.178380275841513	0.227419961590163	-0.108019052988417	3.44725510982658	-0.0328836372883594	0.484631147625094	0.77217680064138	0.831967970890582	0.791319309274181	0.849335853893263
Gp_MJ3_423	-2.25077096586339	-2.671728604775	-1.26417865431291	0.913887879428804	4.40935826611738	0.194838915224654	0.407938540853661	0.0501082844883772	0.101052080237815	0.0489884142075091	0.0985668456698234
Sg_A33_4	-2.322563327593	-2.45755317992864	-2.03098615100554	0.401383320351883	6.06891099787495	0.0677640057506272	0.4690061477111	0.343740813239605	0.464203405518326	0.546594884833667	0.649648864565423
Sg_C02_30	0.335503521594691	-0.1878329078209	1.37648519372054	1.50655481203002	4.92103312703915	0.265383573017092	0.381147541672366	0.0782772301997581	0.139867902664221	0.0101906539254192	0.0282160410332625
Sg_C14_34	1.34950671725231	0.555117725500538	1.97690133929563	0.835156444276545	5.31694354621375	0.145870508358756	0.439036885584255	0.221380667475478	0.330713096729005	0.143667412083343	0.234673042324175
Sg_A11_10	0.721108101619985	-0.0689289064447367	1.74612958931582	1.56502157243112	3.06448251637782	0.472832334530079	0.295338116098336	0.00000122084485566103	0.0000203192867559696	0.00000869481563727172	0.000142223460516283
Sg_A19_36	-5.2057535641896	-5.25865500309984	-5.07593303851206	0.242088188866178	6.03143973068973	0.0362725638480728	0.486168032862571	0.777030686973924	0.831695776943561	0.728088047294292	0.796441602000147
Sg_C04_33	0.192327904260301	0.669249151223524	-0.9699735641951	-1.24375626970772	4.19639762897091	-0.263388569450224	0.369620902404217	0.0105016201142967	0.0288264383851003	0.00657921198119286	0.0201988283915334
Sg_CM21_15	-1.16882082766272	-0.756408873320138	-2.26049362611065	-1.29678285214056	4.36039307466169	-0.275310534785221	0.375512295807601	0.011348158088532	0.0306663932007954	0.00615745529224608	0.0192385322550108
Sg_B26_4	-0.92281303427671	0.0548881846578269	-1.7593050900343	-1.4662491119035	3.0353581112032	-0.43862482897554	0.295262485339123	0.00000897138903080686	0.000103042508648261	0.0000128488348791492	0.000185265211154953
Sg_CG50A_22	0.173722947979194	0.94281258125454	-0.252786813450523	-1.11686540540512	2.12232148114471	-0.432795825091135	0.299436476716726	0.0000000656881717614428	0.00000177518012841555	0.0000243895796498987	0.000279296648845961
Sg_B19_40	-1.09733566887461	-1.00983708721257	-1.21947811000268	0.0208549422301347	4.02302330865909	0.00522053801874531	0.497694672143752	0.874092553343371	0.902935628756426	0.917825000152769	0.94602202257117
Sg_CB03_47	1.02813662656466	1.08355693536766	0.778523241261301	-0.396233114393096	1.47760904814387	-0.239676010374669	0.382842510280513	0.0069145767824046	0.0210648812520866	0.0112199885548043	0.030324591910873
Sg_A34_19	-0.854571501685854	-0.988585133614914	-0.425681196751685	0.711399300954398	2.73972609778146	0.235649396813082	0.391649590785545	0.0355822251037911	0.0789024762085513	0.0204216821363151	0.0479028708463755
Sg_CK51A_47	1.20997775774738	1.16963907478204	1.29697805403498	0.260238066723582	1.78947680795459	0.136841890762805	0.434314981159115	0.0989626952709499	0.171530436574987	0.134925478034806	0.223918244391167
Sg_EB03_22	-3.0974801344073	-3.86346720046871	-1.67276714908294	1.90392476969274	6.36373718763988	0.313140610096974	0.359631148374132	0.00294297148100157	0.0105015716932235	0.0026294584620574	0.0103226344560978
Gp_meta27_511	0.321453476565569	0.448319106500428	0.203577915211419	-0.194952090741132	2.09835095890274	-0.0851929752794644	0.463508322863741	0.346172494751645	0.467016687434225	0.442715654568256	0.558002712768161
Sg_CD23A_20	1.97428627804173	2.10929662269807	1.74963642708598	-0.373005659799476	1.18026095580852	-0.28001715011983	0.358350410678136	0.00281650448517621	0.0103271627714313	0.00139384326314643	0.00646885712091646
Sg_A01_16	-4.94090769090556	-4.81803533461971	-5.13795802352378	0.281582171728604	6.03883987283949	0.0417706253372466	0.478873239552281	0.569138265894721	0.67229863953461	0.627299624817935	0.715396916960736
Sg_B26_35	0.00197549244707229	0.924473926037638	-2.01454057564227	-1.47368307605864	5.64869599176634	-0.262580784615344	0.380379099054407	0.00756250838106822	0.022487761543382	0.00851945246408148	0.0245267649750049
Sg_G11_20	-3.25384724808741	-1.70166809816503	-4.54341382861967	-1.470090975167	7.37155204327584	-0.20656115023363	0.377305328582686	0.0392366999440191	0.0844583004387515	0.00959331220792211	0.0266243228415495
Sg_CM33A_9	2.816302081097	3.02695369767172	2.5348262586566	-0.345244850337448	1.54562502320865	-0.197493911394634	0.404713115294726	0.102314731444118	0.175865474530989	0.0394509792707263	0.0826931027249053
Sg_M02_8	-1.436608486692	-1.68423413669238	-0.641707866037941	0.703102268834752	2.76347424874064	0.238375023352753	0.388319672773838	0.0486784209201359	0.0987236941769292	0.0160748009228308	0.0396853213870534
Sg_G18_1	2.16629243981379	2.99079780336534	0.960307530451208	-2.42978705479299	6.39446154233775	-0.385211034554261	0.323514345364587	0.000204712585782236	0.00128203569260872	0.000184358304436176	0.00128894963020716
Sg_CA11_45	-1.64876392093536	-1.06841548270679	-2.36966739489211	-0.258857914033191	5.76307449350217	-0.0440037878190371	0.475153688660777	0.807768705544006	0.856747544096306	0.686323093693477	0.764706326139707
Sg_M21_45	-0.352360437791849	-0.389337525015386	-0.276592484657947	0.189645945561728	2.526390970585	0.0639103086817567	0.460435339526155	0.683554609082336	0.770207639569025	0.486873533291655	0.597510597250892
