	rab.all	rab.win.C	rab.win.Y	diff.btw	diff.win	effect	overlap	we.ep	we.eBH	wi.ep	wi.eBH
Gp_MJ3_477	0.91175175677195	0.88805949687448	0.983786194534372	0.104801219456585	2.11872898738966	0.0429943757519164	0.479567307790864	0.331151183696639	0.363644978629251	0.616316122919595	0.636123319077527
Gp_MJ4_197	-2.48154515021689	-4.16566693913615	0.205540336682608	4.35745926324907	5.04565775136382	0.814325234756606	0.170432695113847	0.0000000000000625403551106981	0.00000000000056812484129192	0.000000000000207878284660169	0.00000000000350914464166121
Sg_A11_12	0.255583312380059	1.36461245629108	-0.904466959991802	-2.41979669410195	4.53427712383096	-0.486910199418914	0.288872868335924	0.000020508451641936	0.0000443604931608243	0.00000548011034473529	0.0000133477248451018
Sg_A11_2	0.973302770047598	1.81114603737609	-0.254236885717578	-1.82633991967453	4.75567388978121	-0.351981642798897	0.347752944811507	0.000845406482459377	0.001430991650636	0.000800795177163101	0.00129220142593525
Sg_A19_11	-4.00130471114423	-4.72413575635519	-3.03845341021944	1.69402383254216	5.08342422964886	0.281045069213048	0.366258111724318	0.00519905536384853	0.00747566369276164	0.00360448363159266	0.00517598324608607
Sg_A20_2	-1.30586935091497	-0.787517903791774	-3.03072830815709	-1.71724039821283	4.34348865982595	-0.375008167320362	0.330048077848366	0.00116190223309843	0.00190798242113887	0.000256800091298882	0.000441525504539668
Sg_A20_35	-3.82022084476697	-3.66496820130422	-4.19365489357696	-1.07497790163279	6.33554131433953	-0.159379613643298	0.429944725169697	0.114318634982133	0.136976821472918	0.106843672401183	0.126059315841722
Sg_A22_19	-0.421372485538417	-0.893099381326045	0.483653242216543	1.27287019994588	3.83958518666586	0.29920276338722	0.35889423150751	0.00554366889091665	0.00805664254630691	0.00242847005783216	0.00361298385541373
Sg_A22_3	-4.491720536702	-5.26499197730989	-3.70509537218992	1.64775506346785	3.89836914149767	0.37772505837495	0.317712089452137	0.0000315417050033049	0.000062769468332274	0.0000543049185990511	0.00010332940624581
Sg_A22_8	4.47043524432601	2.99431163095023	6.71388074054003	3.41251244118636	3.32630502949192	0.969128522834718	0.167748140330594	0.00000000000000132845506111002	0.0000000000000250741085210816	0.000000000000251223847230937	0.00000000000406273246294461
Sg_A27_23	-0.703429343411443	-0.598924546743106	-1.23939010133242	-0.802194811525104	4.98710588605589	-0.150449728725415	0.434991588878713	0.113330953132661	0.136320773590451	0.151162930393585	0.173531262123124
Sg_A27_31	1.83558195819561	0.731579491702454	4.57101644180262	3.79683430771485	3.89417220170544	0.921333956011083	0.155010817877247	0.000000000000000258712964412799	0.00000000000000747295529029257	0.0000000000000475278497559079	0.00000000000107095466014273
Sg_A28_8	-0.551886773830714	-0.799811989673575	-0.165108677889099	-0.588478195027035	6.91421925258919	-0.0823676120597664	0.466586538623159	0.355640152185003	0.386288851439818	0.453915820873284	0.481179909255016
Sg_B03_29	1.30560010964907	2.22404911284269	-0.239243482147074	-2.44496187839723	4.7811713675628	-0.498328438414779	0.293990385810241	0.00000360435115444781	0.00000876043292702633	0.00000682927852563061	0.0000161993639993855
Sg_B04_2	1.8907150430783	0.190247514750561	5.2325836505912	4.25852854117966	4.19098137934344	0.940195397425734	0.157932695404147	0.000000000000000693672189718755	0.000000000000014858236058159	0.000000000000101434853345802	0.00000000000198415389349672
Sg_B07_38	-1.00943593652511	-0.702325251310277	-1.25663488559157	-0.671800543495246	2.75177201411796	-0.218900627704934	0.382360010212465	0.00108271141074914	0.00179426624644752	0.0139628850804799	0.0184213165417681
Sg_B07_50	-2.66584321608761	-0.647811249136558	-3.60313712740943	-2.9271146807652	3.55530886928175	-0.704970774078348	0.212500002068238	0.000000000000821899083390041	0.00000000000467179334518299	0.000000000190089625481892	0.00000000118101335234875
Sg_B07_53	0.981492280164216	1.83973545735323	-0.983326840070648	-3.36986226361094	5.34208560856022	-0.603085013314622	0.25618841778565	0.0000000098889405139689	0.0000000313435239991941	0.0000000644496252369697	0.000000210924697993291
Sg_B07_62	-2.63984333914056	-1.68003843572602	-4.48267372631605	-2.50803906243064	4.01369275331306	-0.577882384034115	0.249459266210011	0.000000191984099582048	0.000000522262424738194	0.0000000384112470148392	0.000000131310398298439
Sg_B08_36	0.0155674653183002	-0.109137760889158	0.193453001292933	0.30776522220162	3.25279164982092	0.0884983979194046	0.453365384841919	0.351327543968539	0.383244430198444	0.312966372825586	0.343155244961438
Sg_B14_1	-2.99503298961474	-2.84680510641634	-3.1580787920528	0.192577948923308	5.95321178827387	0.0280675098542888	0.486538461603331	0.86139667727442	0.870323112474547	0.807180119600378	0.82016396012127
Sg_B14_13	0.227334773057639	0.601365512548266	-0.74530110943956	-1.37815485258028	3.91884311430314	-0.321548488584955	0.35600961614069	0.00281758615227802	0.00429287371223807	0.00139719896810961	0.00216035009928188
Sg_B15_22	-0.561763615586929	-1.63027671155909	-0.0430172664857542	2.43873637216279	5.09569187161893	0.435313245313859	0.315068494181836	0.00000159585023400308	0.00000408222124719586	0.0000787493140403815	0.000146352733450901
Sg_B15_23	1.76659579011755	1.93199757107035	1.28302121454404	-0.672646268001053	3.74260165527904	-0.164690612011617	0.42812500035341	0.20844060201759	0.237909205646236	0.11029207406901	0.129882449240239
Sg_B15_35	-1.56109542551011	-2.41089089456895	-0.196572332777585	2.33605015609187	3.5108205914089	0.634431581826991	0.231434753078502	0.00000000866533504416111	0.0000000277409009021951	0.00000000461463952933677	0.00000001980449768876
Sg_B15_52	-1.2131399907222	-1.38135860604207	-0.84551645240094	0.284409888434809	5.04454727276974	0.0553497864326627	0.476682692420219	0.494526219381564	0.520773870566993	0.56697963522445	0.590079185407668
Sg_B19_58	-2.02629816634155	-0.9069525214019	-3.07966628524757	-1.83418781641574	3.75165462071059	-0.463798427356508	0.284306658329109	0.0000352545335215114	0.0000719373821715583	0.00000168084925375589	0.00000444363154868707
Sg_B25_10	-1.12170915937539	-1.87052627262845	-0.525116397320838	1.42224614586407	3.17420449512127	0.411109745438873	0.311703918383622	0.0000120137841893301	0.0000273669422106723	0.0000465115483430921	0.0000907351929281081
Sg_B25_38	-0.30756631150104	0.541192784603787	-1.0949965309604	-1.53066220936689	3.48172964770622	-0.405174635087548	0.317548077936612	0.000556477448592002	0.000962127387741959	0.000100483485919483	0.000183398214508721
Sg_B27_18	0.277754182877269	-0.300389559522668	0.660681527403365	0.926882315391146	2.60675744218475	0.308176076649252	0.359615385349244	0.0068080192689267	0.00970882120839122	0.00262868141166868	0.00388254169971935
Sg_B27_6	-0.44202547053001	-1.23405209418272	0.31465412576376	1.17356691111652	4.17197370004986	0.267342974411117	0.381879356526186	0.0128995199158622	0.0175613685257418	0.00775259438353408	0.0106890366972122
Sg_C03_36	-0.560238415349323	-0.0813535307383422	-1.52051686096253	-0.967031862565937	3.62504314645782	-0.241886195142698	0.389903846711017	0.0714156132344544	0.0889698609232358	0.0126090968266408	0.0167415835186253
Sg_CA11_3	2.57887737395408	2.26391669745655	3.06106024827879	0.926888423188718	3.52908989837304	0.25130820392497	0.396779620802509	0.0074860900324832	0.0105853680344057	0.0179340494141609	0.0233342467624437
Sg_CA11_52	1.61347076591012	0.0160356467940428	2.94125762497047	3.54668436001302	5.45079661801475	0.606910842894919	0.247776978316619	0.000000000182573680440465	0.000000000828289394203291	0.0000000447418986126317	0.000000152122723465795
Sg_CA13_9	0.556651319023409	0.541252263266093	0.650722661918338	-0.0110710603471373	3.16451388046975	-0.00287495322527939	0.498678202361565	0.946258495771782	0.949335455239007	0.955182945116654	0.958146638230598
Sg_CA25_14	-1.38738316019211	-0.0752056916792156	-1.86744520193285	-1.85991844006178	4.09276857051772	-0.413773929662395	0.309300649956575	0.00000000410294229120469	0.0000000139350756122468	0.000025545403893308	0.0000527209254384013
Sg_CA25_21	1.01285910868117	1.98154655874113	-0.8858619660649	-2.66633424877792	3.7444194888556	-0.667733431400296	0.243269232448118	0.00000000277794650096843	0.00000000996366087518478	0.0000000102936928616557	0.0000000401921836154639
Sg_CA40A_55	-3.86297409913745	-2.88758868966723	-4.78341237426809	-2.3447803518591	5.28896313140413	-0.476173020165218	0.272770969895528	0.0000000000795709355173777	0.000000000391845270711185	0.000000685709784557648	0.00000187623840071598
Sg_CA9_20	2.78966135080014	1.17808378133939	4.24329258669444	2.94802677010801	3.30203372326698	0.818179465046258	0.19418409271455	0.0000000000000498920051393149	0.000000000000468869418981878	0.0000000000101570293147266	0.000000000087047603577213
Sg_CB03_44	-5.71536470009906	-5.9985653085717	-5.22280429357879	1.04151733717642	5.4896973960465	0.179580151061361	0.39173275709564	0.0356619326166636	0.0455946641245177	0.0274622624974915	0.0346934806476056
Sg_CD23A_32	1.55882382881998	2.45000093786983	0.880448126415907	-1.40393481504625	3.10204285908833	-0.40920730252547	0.325721154801435	0.0000153636105070159	0.0000343891735714213	0.000145796428411857	0.000259387019239151
Sg_CD24A_10	-1.30951251388503	-0.601367093745139	-2.27094348773634	-1.21069853160106	3.46779031778678	-0.327772129124553	0.357606345374538	0.00199660743838734	0.00312373177455097	0.00155824339467504	0.00238918028449668
Sg_CD25A_53	-4.26173874679154	-3.49292944685416	-5.4913696199965	-1.81200050988106	4.71386451210074	-0.336072133599098	0.331170392649916	0.000482341315889158	0.000821077360830651	0.000265869031733457	0.000452286296593766
Sg_CD26A_19	0.309215204474033	1.13316443118866	-1.33429710947732	-2.71303655992332	3.94872926685016	-0.644259473791916	0.222302333103164	0.00000000372030494141089	0.0000000122078509755205	0.000000000799141683149289	0.00000000416884964811434
Sg_CD30A_34	-0.333994283370095	0.187456520598882	-1.79162038925667	-1.68353165945224	3.55492693115178	-0.441528883578651	0.316105770254814	0.000227875951643139	0.000407115538513575	0.0000430224579013596	0.0000846467896500744
Sg_CE19A_15	1.83574725899662	2.717709160045	-0.331353208294457	-2.38292954971923	3.85324010373699	-0.55239310344107	0.264423078381143	0.00000354851851735879	0.00000870423669556224	0.000000189921828322561	0.000000562536652872894
Sg_CE19A_24	0.617647964258387	1.17405406626233	-0.24457492591958	-1.04382615839058	2.93120530644224	-0.33863418679711	0.346394231585988	0.0013450904337216	0.00218363073170616	0.000857531585576685	0.00137405994557741
Sg_CE19A_29	-0.890861120308529	-0.0206064241409045	-2.75121168481343	-2.65643573008873	3.77495629131472	-0.666339561962515	0.230288463370234	0.00000000876143675000016	0.000000027149258143943	0.00000000206516262389343	0.00000000975082503095415
Sg_CE19A_36	1.95496085986053	1.83215000075753	2.12213132160529	0.131812846539725	1.47493690465498	0.0895955183663552	0.46647440535315	0.387920388492297	0.418961542967972	0.362332920229698	0.392500975206752
Sg_CG50A_49	-1.80672809642028	-1.57150222392142	-2.20966905519095	-0.494081406252382	4.89964428736599	-0.0910991221821982	0.463109829546468	0.342513074371532	0.37383891660582	0.363064821523555	0.392789840181568
Sg_CG50A_74	0.446691757182327	1.21187279908925	-1.18090976372173	-2.27126696499116	4.48477246032721	-0.479744938947271	0.299038462692616	0.0000226296134987907	0.0000485324740341147	0.0000119599507232309	0.0000267109296438401
Sg_CK05A_18	2.60747203383692	3.39893251149181	0.656197509910263	-2.59061883013841	3.45471260672981	-0.688361689052516	0.235096155619559	0.0000000112815495051451	0.0000000354979396637358	0.00000000822179469816262	0.0000000331185648517222
Sg_CK05A_46	0.0549181215881021	0.882791921844418	-0.698036606365906	-1.69049831548154	2.5105691381439	-0.610228643542566	0.225961540347733	0.00000000000177818353267023	0.0000000000130409091316479	0.00000000310078417167734	0.0000000139565909918988
Sg_CK05A_56	-0.029666534075095	-0.458796265139913	0.612962336950177	1.0615319656921	2.20484349755554	0.451432681461127	0.305695747316408	0.0000107591878026238	0.0000247914323013205	0.0000141359738537173	0.0000309085880390822
Sg_CK28A_36	-2.13034076222682	-1.83412952629778	-2.64235933134847	-0.731813301985202	4.15287482100346	-0.160533980333867	0.415384615804085	0.0216923818718815	0.0288100989468875	0.0593929182195517	0.0729048505229985
Sg_CK52A_43	-1.85044461030237	0.404068369064527	-3.15664600874695	-2.98110663298453	4.11988088834302	-0.648167493640916	0.247055997790945	0.00000000008512933809703	0.000000000419845197846906	0.0000000531479169201618	0.000000175552213883251
Sg_CK52A_74	-0.362071954786517	0.852600550097599	-2.20632945749002	-2.41820446385178	4.35707540706422	-0.543091245878393	0.265865386059494	0.000000110527630700619	0.000000307702989126907	0.000000253271343994113	0.000000736317642989894
Sg_CM17_16	-3.41308000133	-3.79864334150202	-2.7693407287199	-0.053558098218744	5.61676288199243	-0.00840941367432499	0.497115384629276	0.758754067636354	0.773159441162139	0.918743001381671	0.924495409774179
Sg_CM17_58	-2.72468498614269	1.69310675151568	-3.5934429460697	-4.77025041180258	5.59179573113746	-0.732070833788132	0.255707764101569	0.00000000000000777972184363862	0.0000000000000954317088985203	0.000000124942486822484	0.000000380188821592652
Sg_CM17_7	0.494291511376225	1.95970831092223	-0.762679685306775	-2.78033266709735	3.09815039466002	-0.784890679221148	0.214423078964039	0.00000000000000321298150806362	0.0000000000000473404303334564	0.000000000250472690631528	0.00000000152598300514264
Sg_CM21_57	0.891802605072887	1.20399056973781	-0.132524975825531	-1.32984198248092	4.1778479293172	-0.294676549693896	0.366017784881248	0.010187725395522	0.014052314486883	0.00236504722666995	0.00352633087271632
Sg_CM29A_16	-1.12868530476652	-0.327358361726154	-2.12647399350644	-1.96325026452443	3.61355481189002	-0.499426223431729	0.281490385915993	0.0000000775415831918168	0.000000220792090888872	0.0000032545368385782	0.00000831400411858935
Sg_CM31A_43	-0.275317018669424	-1.88862230329107	1.19503368012178	3.21269204334374	4.86884726915824	0.615466514700428	0.240807499903489	0.000000000159499225163578	0.000000000735699185178114	0.0000000114804153149682	0.0000000442147368190681
Sg_CM31A_52	0.183687021934126	0.784641700140404	-0.850130509016777	-1.68862258625038	3.63172682502459	-0.426563713683337	0.314347513653613	0.000096820878420312	0.000181756139932686	0.0000390840939951942	0.0000779020063345703
Sg_CM32A_26	1.68917175460648	2.36897071616486	1.14794410888475	-1.29040558763079	2.16548595815145	-0.547787983168072	0.255048078475116	0.000000000282913889291933	0.00000000123311015047133	0.000000105261082219095	0.000000327823569545887
Sg_CM32A_49	1.63216666785699	1.53942066112456	1.78920711069754	0.677221898008229	2.15245539966714	0.283712893560976	0.384282624957619	0.00304341788724834	0.00461142024409147	0.00866758991442129	0.0118627194049984
Sg_CM33A_60	-0.903759753244905	0.0678406760270578	-2.34823994425203	-2.16479406750199	3.44675168919394	-0.567509109251751	0.249218939368085	0.000000000516330353681109	0.00000000212699024487535	0.0000000457003947233916	0.000000154028561013822
Sg_CM35A_15	-0.595882376992223	0.173538994570033	-1.3545779553834	-1.72715632154597	3.07426042262033	-0.526685566211456	0.275240385971774	0.00000000471833107573243	0.000000015825686067523	0.000000578717608929869	0.0000016144398654029
Sg_D02_32	-0.251773289975614	-1.05495481608427	0.969933506791856	2.00338258501308	2.68175959156624	0.708672296013468	0.219658737848763	0.0000000000964174963300907	0.000000000471121145835209	0.000000000684975638238536	0.00000000364302775230349
Sg_D02_9	1.13560035150656	-0.0260811209247489	3.1933006167485	3.07433430277271	3.80691068228435	0.782421643260655	0.175438599190906	0.0000000000000130690896339605	0.000000000000138038006633631	0.00000000000117041278040024	0.0000000000140137293451758
Sg_D03_78	1.43646529637455	1.6413887868268	1.22816326053795	-0.411035285272773	2.2030352159442	-0.172770581453202	0.4248978614609	0.0774863210748901	0.0957964800821768	0.10813365764552	0.127712149770611
Sg_D09_14	1.47206788237021	2.20006077992158	0.944148399047753	-1.20635941403565	2.8751935873963	-0.385737125415699	0.324519231732945	0.000219779777095186	0.000393451081908905	0.000218183585760501	0.000378272211563817
Sg_D10_17	1.49134231512008	1.72696576455154	1.26703783014763	-0.37484776844857	3.84830877361865	-0.0791321114739111	0.460576923267948	0.821722233748472	0.833762592752977	0.374043418861278	0.403914701225359
Sg_D18_45	0.123747099683847	-1.75590236893356	4.10655588902212	4.70835093584026	5.16369865412815	0.865605602412335	0.173515984474533	0.00000000000000988713474354456	0.000000000000117394683550333	0.00000000000149192314276083	0.0000000000167504505532212
Sg_E04_12	-0.890228536442244	-1.93902975962712	0.869058793147379	2.55765279554871	3.56628624654541	0.650556253503983	0.233357367811189	0.00000000184680826590179	0.0000000068822684429702	0.00000000274898676962229	0.0000000125716298144237
Sg_E06_10	-0.673851040136461	0.299711023165092	-1.38327619501514	-2.00539595528065	2.76478010958201	-0.703232260215081	0.198029322162946	0.000000000000140253401725603	0.00000000000119584633158606	0.0000000000434295171223750	0.000000000326214434315513
Sg_E06_24	0.385503173333805	0.13522953646914	0.782488229950665	0.545013235079789	2.72302817697307	0.187859784277156	0.422254266184958	0.0936593960379336	0.114124335096381	0.0956827813721649	0.114746586175322
Sg_E10_50	3.39778698070287	2.83333428474301	5.05946679437169	2.10286879060938	2.08210300881527	0.935758893410448	0.151165588467063	0.0000000000000258783498296457	0.000000000000270873098787001	0.0000000000000177312423597947	0.000000000000453806521566877
Sg_EA47_17	3.23255236198786	4.670767769557	1.67411930696541	-2.47411634103543	5.74369444983281	-0.420744388067151	0.32043269330042	0.0000311205512947695	0.0000643974032377549	0.0000815993116735583	0.000151214354099247
Sg_EA47_9	-0.6982090950674	-1.11568794445418	0.667679239833181	1.75196099042529	2.89438192750299	0.571194294638754	0.251141554103615	0.000000108073321347149	0.000000300084795072507	0.0000000562801507260012	0.000000185835861033073
Sg_EA57_9	-1.98567494175898	-3.27242014412552	-0.0851699702092885	3.0799776534353	4.39081115325011	0.668938476567564	0.232932694107097	0.0000000000549516233984081	0.000000000287256086053482	0.00000000340558702569283	0.0000000151488402036696
Sg_EA61_27	-0.313824277321127	-0.544029128462682	0.620710437758206	1.06675862990512	2.80985196648696	0.357874685530549	0.344148042167071	0.00116062273036091	0.00191063501202094	0.000649117697983599	0.00106267653865024
Sg_EB08_12	-3.9355699979016	-5.18115802935825	-2.96001107067789	2.25010017744857	4.73751539441812	0.41251022527071	0.310096154914768	0.000112367615387082	0.000204423713572174	0.0000343401512347118	0.0000688696208371825
Sg_EB09_7	1.36792927211234	2.39478640175049	0.110053573348743	-2.39350065776546	5.03560726891744	-0.441785732666196	0.308173078006229	0.0000592362736870233	0.000115546248264857	0.0000179862087403955	0.0000384154620917003
Sg_EB10_11	-0.763998254507658	-1.10076074860426	0.50539276448322	1.19982523688225	3.8300116459973	0.251517733879535	0.377403846781957	0.244571196053306	0.274070462032796	0.00816236115125154	0.0112150942311859
Sg_EB13_4	2.50607200078151	2.75646171214637	1.61592563504306	-1.06743176914471	2.87004157169878	-0.350396488998322	0.349038462338314	0.0055291666552866	0.0080553184837883	0.000887271616535632	0.00141853437283819
Sg_EB21_10	-0.598642287533933	-1.04611759351565	0.252272728894078	1.20107108379448	2.44012001904822	0.464755037162848	0.299038462692616	0.0000274878974910097	0.0000572990841341814	0.00000809234719689644	0.0000187845408027721
Sg_EM03_7	-1.05574564278956	-0.287972089859116	-2.32964157362871	-2.23065070237748	4.51599108965613	-0.465941765864481	0.298076924238747	0.00000217675508745906	0.00000541169668783808	0.00000710799650125257	0.0000167726748862056
Sg_EM12_46	-3.96259190033882	-3.15705656302062	-5.40798566381423	-2.68379655871049	3.79766912546812	-0.63963181262979	0.215384617412107	0.00000000228028438551239	0.00000000764716564349351	0.000000000252922004291252	0.0000000014813814279387
Sg_EM22_6	-0.0274408880350112	1.06043806459329	-0.637153941261111	-1.71145304000182	4.25241496429875	-0.358688770633464	0.340062485837108	0.000843354839958052	0.00142602101019474	0.000446882173582709	0.000748782200945774
Sg_EM25_40	0.705513182542953	0.606640785690089	0.785243644391166	0.380205972470995	1.53062024162394	0.220461449051594	0.400240385115683	0.0485135976251013	0.0620699497471634	0.0365388870313147	0.0458292732787722
Sg_EM30_38	2.23542206827583	1.96624628570198	2.52854767227498	0.589210256435823	2.38868041992231	0.220871075286831	0.385964912859678	0.0227596228410726	0.0301986699339202	0.0111528691844838	0.0149616583069363
Sg_EM34_4	6.57060764649021	6.95790078342136	5.74643573153305	-1.39988426231144	3.874458067699	-0.333489695221036	0.348076923882903	0.00133506377259716	0.00216963165355834	0.000624889756968369	0.00103035133450416
Sg_G06_9	-1.52705207371301	-1.74952419327791	-1.4053045106787	0.36774047253744	5.8239301199606	0.0606258083284212	0.474164864340012	0.897399198645979	0.903981276033048	0.569487064070185	0.592366893286286
Sg_G09_4	1.84730884448344	2.72734754349465	0.351125725035239	-2.32867860875749	3.63250225054384	-0.597658181705941	0.249459266210011	0.00000000300962844477368	0.0000000106598856072265	0.0000000318390523882681	0.000000112001227150549
Sg_G10_35	-2.19658781194177	-2.52847265402134	-1.58197190821444	0.836427279988505	3.98833775795107	0.193981842397715	0.406250000467892	0.0168034069659507	0.0225524440099387	0.0350835649962245	0.0440679301813192
Sg_G18_19	2.09108031300815	2.60166274842399	1.38687247116727	-0.945631558353377	1.86682278188281	-0.486758469498702	0.282211539755841	0.00000165320626945673	0.0000042328554688567	0.0000013232330828812	0.00000355879050491277
Sg_G19_41	0.0938392277642857	-0.549100028404689	1.04374640871461	1.25833438884832	2.6309324208247	0.415035966639448	0.295673078104245	0.0000321625468131487	0.0000662435629468721	0.00000659670307813375	0.0000156908550712845
Sg_G21_58	-1.25928461421219	-1.66993630397815	-0.595668745449409	1.10154661077526	3.10829796390793	0.313555232563903	0.358086999060596	0.00955229495062503	0.0130404074710689	0.00164743074661889	0.00252026604479335
Sg_G22_16	0.79458077957052	1.54153501609086	-0.459304565981125	-2.12042481779654	4.31377620364046	-0.456108529034265	0.30136986414887	0.0000243213051929446	0.0000518210748484356	0.0000130496896494331	0.0000288095980379718
Sg_G26_10	-0.101401098518997	1.82466348258169	-2.54032744924703	-3.85072841373539	5.17822818917099	-0.682177292493737	0.237740386357583	0.00000000115537785712093	0.00000000421741249280841	0.0000000101871986899567	0.0000000397864827991084
Sg_G26_22	-1.94963875524914	-1.03988981805228	-2.69120616946476	-1.77542458213922	3.63996454648534	-0.441064034414443	0.305048078030151	0.0000242255502881246	0.0000513639486823454	0.0000274874170706499	0.0000564943184239441
Sg_G29_33	-1.75140287438544	-2.32960690574099	-0.439701046496769	1.36049877950517	4.32270944925305	0.284376153954813	0.367940399625841	0.00885465941709964	0.012336963911818	0.00325578392935272	0.00471044709069248
Sg_G33_7	-0.458699783748401	0.154969061912879	-0.983191251307279	-1.28022855505499	2.55495945542081	-0.448067810877634	0.297284307824667	0.00000879519456214464	0.0000205823366668608	0.0000107071374822086	0.0000241349276579449
Sg_G39_28	1.83352897958359	3.15794548489072	0.445694235662207	-2.67470758519441	5.93276835567709	-0.417598405623185	0.315144231800321	0.0000238918495941216	0.0000508107074910117	0.0000429911490726129	0.000084655199509201
Sg_G43_29	-2.23392400619366	-1.68822960074478	-3.15817379782626	-1.4588160147764	3.36546703632256	-0.377421610100675	0.322999279993441	0.00124371627590579	0.00202340712493765	0.000120561955838567	0.000216797192179866
Sg_G47_17	-1.45788641053014	-1.86680942273925	-0.946358336121697	0.943540583905867	3.30178961984643	0.248744966569916	0.367940399625841	0.00935628555145525	0.0129805606120466	0.00276249057005322	0.00405658343871828
Sg_H04_45	1.25486680665738	1.16173159587607	1.36933484172094	0.564259547263128	3.10330355253425	0.158130981991824	0.432211538794079	0.150004319328519	0.177787097731892	0.110250144418956	0.129839903854502
Sg_I05_27	1.98180577042718	3.83955780723278	0.0468287204439868	-3.28138861505835	3.77649791326057	-0.842097871096468	0.18360971174428	0.000000000000000451118080767002	0.0000000000000108367143154241	0.00000000000378034302344761	0.0000000000369080091126365
Sg_I06_25	-0.368852979428063	-1.02895731865943	1.21398412877742	2.60374691655022	3.17895853840128	0.781089771136235	0.186778848636332	0.00000000000126214294449026	0.00000000000960151647383799	0.00000000000763478856426855	0.0000000000680738744411242
Sg_I07_11	3.68037363369508	3.94461650531279	2.14668286356603	-2.06973837063722	4.61726908491899	-0.424122598990067	0.319634704194323	0.0000926165850850837	0.000174943736552796	0.0000726981845748671	0.000136276292025527
Sg_I12_32	1.48249518112228	1.5809434049707	1.18678334069862	-0.170692158226114	1.57858585941727	-0.0995185420560848	0.446046623670576	0.492467825247329	0.518602460969067	0.243437826527278	0.272117423092627
Sg_I12_44	-0.0718942839847383	1.23831042351501	-3.07007573810286	-3.99616900055655	4.16848434198434	-0.915895422782282	0.156490387748189	0.0000000000000269270100563483	0.000000000000226373540095819	0.0000000000000594256941108971	0.00000000000127481249894725
Sg_I12_6	-0.11372148870781	-0.647420041592347	0.820388169494325	1.09400443134534	3.32212237351947	0.309377775585262	0.368421053312	0.00795261219468723	0.0111836624553665	0.00333316768945868	0.00481265464970392
Sg_K01_5	-0.891548530314908	-1.25046797216764	0.148472046880677	1.08507234878654	3.61527611075544	0.264608860575408	0.383801971271325	0.044998456781383	0.0576894011353243	0.00917636149827366	0.0124842970714485
Sg_K09_1	-0.544979463770936	-1.36168628407777	1.07844000845598	2.22016038182433	2.67292476885922	0.751797157231031	0.188701925524812	0.00000000000459253031059554	0.000000000031078630473958	0.00000000000663728578042044	0.0000000000604222605768759
Sg_K09_61	0.437506098814368	1.01002528574863	-0.735662887072513	-1.88739445653959	4.47270040757422	-0.394741402624727	0.324038462505561	0.000123028455412404	0.000227189169988275	0.0000578038708574218	0.000110407149268767
Sg_K10_28	-2.90253511581884	-3.36351855230983	-2.25991661288385	-0.127346117934671	7.0961768622057	-0.0153492456482439	0.493150684964479	0.840597085757017	0.850645298101774	0.915077541326229	0.921552735660835
Sg_K14_18	-1.83687101005311	-2.3472716896456	-0.714547813196287	1.75526208652216	4.83835131910052	0.335156079571362	0.335576923964689	0.000340707686434374	0.000599132484858183	0.000269052417829418	0.000461269495185078
Sg_K15_44	1.8271958515525	0.416706568732029	4.85836412930242	4.17586741862184	3.48784752540247	1.12585379264657	0.119230773595761	0.00000000000000000000263796733902621	0.000000000000000000287986255445268	0.0000000000000000197239545280954	0.00000000000000252647145747944
Sg_K16_50	-2.8071533745298	-3.79336904541351	-1.73777560662534	1.83662314345425	6.5431477779996	0.256218867772188	0.384615385202261	0.0101615293919929	0.0139875438885399	0.00881582054742145	0.0120021884283126
Sg_K16_53	2.23431957769426	2.45656376998121	1.96884535010261	-0.455082669600182	3.36090132365116	-0.130397927708274	0.442067307975072	0.189054889953463	0.219221645112027	0.213251529087383	0.24083368129868
Sg_K17_22	-0.999922778755466	-0.330396230530503	-2.28151314173801	-2.01305348657734	2.95861981133724	-0.653183989467757	0.228550830980128	0.0000000000975021546930988	0.000000000475283322732011	0.00000000285319674879064	0.0000000129457849968876
Sg_K22_66	0.786270146553544	0.624126063827229	1.08781411436805	0.521038473202271	1.81552874374857	0.26332716583282	0.382600337055606	0.014426740378028	0.019508984563613	0.00981951187527175	0.0133198353615879
Sg_K22_8	-0.293119530528844	-1.05310148401547	1.06997289482827	1.97565233339982	2.93383177698276	0.600610432593783	0.244471155511611	0.00000000319098617475235	0.0000000112046743314653	0.0000000211212169729722	0.0000000769821222322468
Sg_K31_45	-3.68478294229099	-4.04500699672574	-2.43453488189692	1.59187360482558	4.85934436897968	0.284725764826242	0.346394231585988	0.00433328133346546	0.00637381122745157	0.00109655110236247	0.00171695039758809
Sg_K32_30	-3.80478325152791	-3.05087018965642	-5.27650175030255	-2.26470538704682	5.81016475860326	-0.344423426294423	0.330769231689575	0.00011039287141221	0.000203708408152206	0.000234886404216624	0.000404832557701526
Sg_K34_1	-0.354467740521889	0.341836131812598	-0.831799758877239	-1.29980164687317	2.52653463301232	-0.423535757072319	0.269230770642803	0.00000000279975219183726	0.0000000100111470971974	0.00000066271161101194	0.00000183577626452052
Sg_K36_16	3.59877724976315	0.923254834033759	7.10307940918405	5.80945029520848	4.65464811358331	1.1690785885877	0.115384619920858	0.000000000000000000000113549058692329	0.0000000000000000000278489824634664	0.0000000000000000268599949249498	0.00000000000000253412385491559
Sg_K36_17	1.26953403260708	2.38671079665009	0.313522171777754	-2.03165216398243	4.72388795363181	-0.408641880170775	0.32692307786997	0.000104284205629262	0.000194644056558003	0.000115340555288308	0.000208979867965536
Sg_K36_27	1.98590961877788	0.626505664041913	2.98493009756734	2.38085530054782	3.13273343020481	0.673385123174448	0.241288153587027	0.00000000036439238757799	0.00000000132204987134311	0.00000000705947343618364	0.0000000290479918108117
Sg_K36_29	3.15162520725995	1.69116554511184	4.82779331754579	2.96768708587566	3.5329210177844	0.775288835471613	0.201153571091436	0.00000000000107913548183992	0.00000000000834930694140641	0.0000000000709728862557147	0.000000000512954426353652
Sg_K36_3	-0.701575300025301	-0.0611239681706284	-2.09686400658804	-2.11287607937546	4.24430553113029	-0.458385911453116	0.296563327296939	0.0000803270757901394	0.000152892218226635	0.00000676701818329043	0.0000160573809758877
Sg_K36_6	1.38449534174229	1.21701387852808	1.74705110859604	0.429841476601721	2.48611747734645	0.148509587417119	0.427163461896803	0.193283505635662	0.223245630841407	0.0965584044884612	0.115875200760035
Sg_K40_4	-0.471975161377265	1.11179321370917	-2.24624414909822	-3.07228151266203	4.45533673576104	-0.638132423605562	0.220139391531324	0.0000000000380631728579148	0.000000000213684107676506	0.00000000152357420305375	0.00000000742451978042954
Sg_K46_34	1.04775966900946	0.822127592549734	1.59137815793884	0.71626954890885	4.3302445876174	0.156068355155511	0.428502764110017	0.077206267859896	0.0955143520817466	0.102183282374285	0.121774038076939
Sg_M01_13	-2.01558231869845	-0.574044474482106	-3.11743488149264	-2.6030781064776	4.7847518411665	-0.563453984308909	0.248557693928336	0.0000000143085205082774	0.0000000434178120125364	0.0000000197276614440116	0.0000000720963705444063
Sg_M01_30	0.0189719831026585	0.845381691937691	-0.888165324589888	-1.69954434768783	2.72965004161843	-0.543263422284608	0.255528847700923	0.0000000135312163437316	0.0000000419233080156445	0.000000059395973550713	0.000000195185285238329
Sg_M02_37	-0.482027195464822	-0.864341079957018	0.450028519532399	1.03594672447742	3.81806804196003	0.248446606092779	0.387166547075462	0.0377174817552891	0.0486650338711367	0.0119979904663689	0.0160021801139666
Sg_M02_5	-1.73573314413293	-2.70587390024019	0.499880268089981	3.5530221201034	3.59995759373641	0.937991110940117	0.135544344045502	0.00000000000000058120415582502	0.0000000000000124327891048993	0.00000000000000102949269987122	0.0000000000000347813170851204
Sg_M03_37	-1.8436221519694	-2.05917638642214	-1.34218857990446	0.841388230925697	2.57253978724381	0.270818878416136	0.344388369010023	0.000446920042369407	0.000777264866287906	0.000808738641805931	0.00129399371027018
Sg_M03_38	-5.48815040031427	-5.40668707461903	-5.5779024882142	-0.174890492689643	3.85557753001604	-0.0377009804689836	0.47836538471976	0.443642189434412	0.471075445194882	0.642361356703455	0.662021011418657
Sg_M07_27	-3.22822340027816	-2.47125982155266	-4.29035213581139	-2.04685274369576	2.93541487675714	-0.559822189315761	0.216826925084411	0.000000106221745425681	0.000000290436098842881	0.000000000502778447463446	0.00000000270060628272127
Sg_M07_39	-2.07537725991039	0.534367829699932	-4.2526204842637	-4.66958835667208	5.56607351003299	-0.790351395086712	0.192548079303715	0.0000000000250705206143967	0.000000000104002301472042	0.00000000002180529623786	0.00000000017321769407078
Sg_M07_4	-1.80218052617877	-0.858449925852075	-4.18734200084617	-3.56728703965981	5.65435510346321	-0.605969144311327	0.241528480428803	0.000000013771878539062	0.0000000416731490783225	0.0000000134909885444004	0.0000000509315566498538
Sg_M08_36	1.60513208779471	1.3566764970401	2.0372340653225	0.239863233480358	3.54855493078785	0.0625618744347522	0.46911800062986	0.766145324512369	0.781331448800279	0.555104541894909	0.579473433576875
Sg_M11_5	1.22360106472883	1.65857126981108	0.082035117694006	-2.11867723897169	4.52807378801193	-0.421169470390279	0.317548077936612	0.000063235026768136	0.000122562143471147	0.0000426169254562031	0.000084044733198309
Sg_M11_7	-2.21863564202008	-1.05792912089099	-2.77713948810915	-1.53867994450914	3.39686099486924	-0.425424620274088	0.312500001050632	0.000000000569259517676773	0.00000000232810983840596	0.0000267610551610553	0.0000547186450861315
Sg_M12_21	4.36553636774421	5.09699469362107	3.12259198799463	-1.37100009025769	3.87812632311117	-0.330777661321721	0.360096154577072	0.00560608362297663	0.00815817648093409	0.0021919402053994	0.00329653325864784
Sg_M12_39	3.89807939191381	4.41932052016129	2.18009445701534	-2.00157095961935	3.9350670774594	-0.475745256661546	0.299447249407982	0.0000412927965021644	0.0000827591983512907	0.0000118938059124916	0.0000266257456864691
Sg_M12_6	2.91213913339682	0.961207681194831	5.39462954683925	3.95339831933277	3.62618112952434	1.03578457361024	0.138187939248047	0.0000000000000000000139882560814562	0.000000000000000000919091780321737	0.000000000000000848654025933984	0.0000000000000299555193551081
Sg_M15_10	0.372446165354349	1.41156565727087	-0.986450505650661	-2.22091783464933	3.20155648576006	-0.657092866415201	0.240384617096215	0.0000000000595792466021249	0.000000000312689391990982	0.0000000109484815969389	0.0000000424130155136732
Sg_M15_29	-0.289822887830792	-0.0145820500660019	-1.22177386042576	-1.13049111179439	3.29779382041025	-0.312234726219412	0.366105769925331	0.0123454383090484	0.0168329747827763	0.0031131927408502	0.00452296339485128
Sg_M17_3	-0.0693458128093676	0.647212526926586	-0.54471058796171	-1.16414297427274	3.3187895376151	-0.315902683618657	0.368269231450881	0.000168768640583303	0.000306535966379023	0.0039369838289052	0.00561730630249624
Sg_M17_33	-0.832499258175345	0.239426462137583	-2.62926799532032	-2.53985479811532	3.99235143301881	-0.593106252732834	0.248738285684246	0.00000000161713274015225	0.00000000576635764052155	0.0000000355622512388097	0.000000123149287500779
Sg_OA11r1_10	1.57137069540142	1.20559811045541	1.96562528355641	0.879750913499252	1.76989049412657	0.470845609553656	0.286057693568799	0.00000131621312148088	0.00000341301316376342	0.000000939845602353835	0.00000256590955160043
Sg_OA11r1_12	-1.56125331015859	-1.60176699846602	-1.5173376163735	-0.199607610412701	5.04090408715613	-0.0370209591792392	0.4820956501704	0.488979328991244	0.515746523562885	0.661013191495313	0.679530374011157
Sg_OA11r1_9	-1.78892536324438	-2.75514188245384	0.0831385718105393	2.91787373055321	3.59399445164052	0.765825359515492	0.174519233489094	0.00000000000634092542150969	0.0000000000394256365041476	0.00000000000127614362607898	0.0000000000147817934594507
Sg_OA7r2_4	-5.38279715147369	-4.73173347618248	-6.44746674637481	-1.75107199601607	4.81991959728363	-0.309841908442309	0.32836538555227	0.00266342967365381	0.00397824288150096	0.000226183818720455	0.000385761038902472
Sg_OB03r2_1	-4.15946752504297	-5.29388558245767	2.13051469359713	5.31942540391625	8.41159771803862	0.608603138808375	0.266041818312663	0.000000322086404220955	0.000000840501978565348	0.000000226598266608477	0.000000661499596612552
Sg_OB03r2_39	0.0949576625780004	-1.33700233278516	3.43424071291933	4.39530150956722	3.79424535446445	1.09123960714706	0.11920211924036	0.000000000000000000016953967688527	0.00000000000000000117222611640355	0.0000000000000000282755911047609	0.0000000000000025451925941162
Sg_OB03r2_6	-1.57672657338185	-2.95263983167531	1.55113670514545	4.19339708753641	5.33423607991363	0.72705777646383	0.202163463761431	0.000000000040587458287693	0.000000000223679322032088	0.0000000000437920470003201	0.000000000331927128175832
Sg_OB05r2_32	0.348318657979134	-0.323728431587812	2.12887278669912	1.70251458890849	4.55386445323201	0.347481339185388	0.356250000754584	0.00227196863342357	0.00351715444403117	0.00170351807585472	0.00260818414269121
Sg_OB05r2_38	2.08435751012519	0.938681232931151	4.13741804486331	3.25152809614778	4.36591322876919	0.711719671552234	0.214852201024586	0.00000000000263012348808149	0.0000000000187131625062611	0.000000000146562306013151	0.000000000972361983786861
Sg_OB05r2_8	0.0828936191334115	-0.407273119645798	0.700848354694649	0.850825751252424	3.15381165848577	0.245931991089798	0.388608508134431	0.0353928038733272	0.0458328309775932	0.0158438577765514	0.020753395029765
Sg_OB24r1_18	3.64892393197732	2.48034874769644	5.25653211636485	2.96034802124649	3.2201795701368	0.870858052747339	0.171153848944489	0.00000000000000290278609246419	0.0000000000000448009815316551	0.00000000000107432570546319	0.000000000013309064012483
Sg_OG24B2A_25	3.11576518992864	2.74380874293436	3.38481582182544	0.684912790593715	2.55560358209096	0.23753001512166	0.394230769763949	0.00774379064024141	0.0109271799416611	0.019342864788119	0.0250269427072734
Sg_OG24B2A_8	-0.320329299968451	0.491468194367382	-2.01106465999684	-2.59837961050215	3.39487403044536	-0.718318557243351	0.222115386551551	0.00000000045657510070901	0.00000000189781905644007	0.000000000440197794300947	0.00000000248949678039407
Sg_OM21r1_55	-1.15459061033027	0.631686356165715	-2.8052388251132	-3.23741443128876	4.08541530747615	-0.720937711674243	0.186778848636332	0.0000000000000184345864418422	0.000000000000179509408308738	0.00000000000702092168554994	0.000000000062666317854215
Sg_P15_12	-3.43990886466452	-4.02541220671996	-2.37514896301684	1.54761806675185	2.97781785982647	0.436922906768796	0.272355770613613	0.0000477744764692465	0.0000943535977094706	0.000000688161230475932	0.0000018951569558462
Sg_P15_2	2.2536775608544	2.08321022967576	2.70987977790364	1.06381098855392	3.59427085173273	0.283905919092605	0.391346154395298	0.00214543901921428	0.00334168753437974	0.0118637553316589	0.0158288874505001
Sg_P15_21	2.29214950626509	1.80171588959106	2.70412375136697	0.802115626989627	3.17969910486314	0.228253667216264	0.402787791882571	0.0701498702186384	0.0874849340301665	0.0341283243118714	0.0430262442261593
Sg_P22_10	-1.16672393393539	-0.137118973142991	-2.34985505205149	-2.44892752773588	4.80074319668623	-0.454770362104843	0.297115385784916	0.0000171813811174723	0.0000375973497319307	0.00000588883109229711	0.0000141889037272157
Sg_P22_13	-1.64700446762273	-1.87177625654361	-1.36545798426905	0.493310352453182	6.16176417535023	0.0691573183320722	0.468269230922644	0.399014644968952	0.428097422809301	0.497425953280024	0.524130932982599
Sg_P23_1	-0.561545384761356	-0.727541888675648	0.0814180588744504	0.610646505804118	3.21201205434063	0.172346354697031	0.42812500035341	0.199832148086657	0.229542880064112	0.0882930668871301	0.106620862760833
Sg_P27_36	-0.567867289266125	-2.08219293435369	2.43513806154138	4.48763061329744	5.58234183523203	0.7663936999852	0.211968278931386	0.000000000018466799814096	0.000000000111118270878415	0.000000000337173494393214	0.00000000198044521315479
Sg_P27_4	-0.185974070661869	-0.00316684856191607	-0.60758769343417	-0.408524882674194	2.72705743801448	-0.140866561579445	0.431971154179918	0.289384602199057	0.321091563610067	0.116270543036086	0.136184297382918
Sg_P30_9	2.48199339479805	2.13060512944344	2.88618085562243	0.591644028579087	1.86580495343986	0.273597418769162	0.372987263330733	0.0589875614395551	0.07465403772924	0.00577472317254559	0.00808015973938637
Sg_X05_12	0.00324304537149178	0.361209728614481	-1.05660020245683	-0.831034780671078	4.1863915688995	-0.200514708329869	0.415044460887288	0.0807220452635142	0.099468530064583	0.0493433096849255	0.0609805837358467
Sg_X05_3	0.278027784480289	-0.0327220339310736	1.19460094812547	-0.312891330566659	6.94738935471438	-0.039755828404574	0.485219899133925	0.558619932843015	0.583209962754043	0.788320231330796	0.802840202756099
Sg_Y07_14	-0.0624346888768645	-0.722021448264684	1.10126107087533	1.68406787869868	3.09446619091704	0.505950114371242	0.290074502548407	0.00000875363312259648	0.0000204418541522959	0.00000331239295830384	0.00000848647962836656
Sg_Y19_10	-0.124724129693682	0.0519608386375898	-0.828756153362606	-1.09171092515901	4.72865388076436	-0.199860331437612	0.397019947645702	0.052659580586395	0.067059323715801	0.0335485314678333	0.0423372979758077
Sg_Y19_13	-0.333045574463233	0.380555426661755	-1.86818919376951	-2.05166378572745	4.30869499023613	-0.437947018566291	0.312019231823443	0.00004896496861677	0.0000965028634351926	0.0000404424990443459	0.0000802215255620425
Sg_YA03_20	1.70418949068239	1.38375145987237	2.38155983219484	0.734825774625739	1.92755795518748	0.349375774222157	0.341744773737628	0.00185254985770492	0.00292357186395373	0.00100701416015211	0.00159390606625534
Sg_YA04_9	0.431321035298025	-0.806301384278218	1.10580360397942	1.92938232402677	3.28785306372187	0.527428400976765	0.267964433050352	0.0000000591357139592219	0.000000170488234781129	0.000000344528986679597	0.000000985271434317605
Sg_YA12_28	1.69216896130891	1.40829749057189	2.80073264621145	1.210522824722	1.70636709400504	0.656411219022126	0.22398462099272	0.00000000381114894838936	0.0000000130699843436913	0.000000000887427942510157	0.00000000456927495195148
Sg_YA12_4	1.28181590921231	-1.08107063761658	2.78080296947184	2.95299131459379	5.75220290752351	0.474673243375284	0.297284307824667	0.000000520576266556802	0.00000138780555183592	0.0000134584864629682	0.0000295988032400191
Sg_YA13_10	0.961991392533593	0.65801114776718	1.22385883026706	0.611989327831441	2.86028101637369	0.189973355026252	0.400961538957923	0.0284757930511582	0.0373682153037655	0.0367260548684435	0.0460511901365789
Sg_YA31_31	-1.30462983264875	-1.5782731098638	-0.880791535228901	0.460587607097014	5.14294503791442	0.0777552996033205	0.464311463763135	0.502655264101356	0.528811833208943	0.408260872834514	0.437082685269075
Sg_YB34_1	-1.0163986920055	-2.15830910747328	1.01482159518704	3.10388312891246	3.34189521052379	0.863847088462283	0.173275657635046	0.00000000000000716820751797774	0.0000000000000852438393499464	0.000000000000336299539651463	0.00000000000514443757817762
Sg_YB35_19	0.569600396023977	-0.890511872551014	2.18702820111456	2.80766513446427	3.07971891991215	0.871656194792912	0.171353042919624	0.00000000000000060914693378388	0.00000000000000931653631000197	0.000000000000228247645238279	0.00000000000382515866618898
Sg_YB35_7	-0.153080294866785	-0.458921332951577	0.770441149662873	1.18749374597703	3.01393699879482	0.361230487555418	0.345349676381847	0.000539976065925027	0.000933026705555252	0.00069232588727032	0.00112855046856477
Sg_YB36_42	3.04646700896947	2.13546055382882	5.31809880987587	2.87413766083399	2.65255756641115	1.01946659303248	0.130497480486523	0.0000000000000000792690586808013	0.00000000000000297147777401999	0.000000000000000490134432338448	0.000000000000024542435384317
Sg_YB37_28	1.27258502508517	0.458192763524587	2.61652382941482	2.47607349042777	2.29886189640423	1.02032681645453	0.135096157605737	0.00000000000000000525940861282174	0.000000000000000269281720976473	0.000000000000000746699998120081	0.0000000000000284549484043237
Sg_YB37_7	1.14565069827914	1.34374142403125	1.01323824817513	-0.390673636055684	2.24711362826404	-0.147280020138608	0.423455900401287	0.434038070783683	0.463317279557853	0.10227572927573	0.121879212542503
Sg_YB38_12	1.35109273452885	0.886093672691502	2.87501147898076	1.71192146712113	2.27275695094498	0.68309640121608	0.208653848278012	0.00000000205464915746957	0.00000000770558712490170	0.000000000252438306619191	0.0000000015429310469278
Sg_YB38_21	-0.155981802950845	0.00849283007349655	-0.41716257482727	-0.450366303337133	3.28271031492757	-0.109977310786667	0.438836818371434	0.431672519926954	0.460756628247533	0.177427027301473	0.202274290029272
Sg_YB38_6	0.148850925975132	-1.01627328787144	2.08861418840071	2.81314735626621	5.07745314117706	0.53263115894956	0.289182693542354	0.00000338877865898481	0.00000834184991944184	0.00000248139568495278	0.00000649192660799513
Sg_YB39_24	1.54712097909829	1.09327689445714	2.37388660075628	1.28276124934503	1.8699299924113	0.605679441288232	0.230473445712289	0.0000000643429663053463	0.000000186374320919951	0.00000000416829859756071	0.0000000181091436978724
Sg_YB41_11	0.00968651714321211	-0.917846335273429	1.69920811475892	2.61883781389275	2.57135685776824	0.951822902145211	0.128846157826856	0.00000000000000365215344099053	0.0000000000000522802876202764	0.000000000000000365265436320854	0.0000000000000207747735947082
Sg_YB41_12	-1.6091048323662	-3.55589323324865	2.8241048127331	4.61763092019195	6.38466994834713	0.703853919875974	0.220673078878388	0.00000000038488583850672	0.0000000016231223878889	0.000000000959066766455798	0.00000000487970093412407
Sg_YB46_3	0.326958009707909	0.367228163011093	0.251930542139378	-0.0195009632659584	2.54885019262806	-0.00897869639365752	0.496274933928048	0.676688667156709	0.696641245962126	0.892937418796785	0.901282644900554
Sg_YB50_23	-3.64569857439314	-3.61700352411974	-3.68624921204591	-0.431029250450703	5.61679045268614	-0.068680521666251	0.466105769394737	0.218794572117216	0.247741515772009	0.368523158636258	0.397830988574889
Sg_YB59_31	1.45119156729216	1.16573374195724	2.03826525584441	0.853509527163836	1.61133413018743	0.471606448803349	0.292788462743172	0.0000120906207112778	0.0000276457285762655	0.00000455467774254567	0.0000112882590764945
Sg_Z02_43	1.72362525063809	2.37474942660253	0.0555603972048617	-2.36122431476549	4.24019109462373	-0.528454977693791	0.28382600464424	0.00000718258037487295	0.0000171364506613645	0.0000032575550356443	0.00000836912685067129
Sg_Z03_24	2.4714697849403	3.49251874343109	-0.125841133805364	-3.48449561923829	3.72758594527498	-0.846680714473327	0.169471156673187	0.0000000000000521805847643361	0.000000000000486814777740768	0.000000000000698950828158854	0.00000000000964282964596235
Sg_Z06_28	0.740463353636921	1.49251699321072	-0.372692351434565	-1.63406641036824	4.5796543201699	-0.320773641420078	0.353520789043255	0.00181574300048576	0.00287072230892549	0.00120650797948085	0.00188425230252535
Sg_Z07_36	-2.00243040919658	1.11071260095555	-3.90164654155704	-4.02167728810209	5.66994929720591	-0.664996025862942	0.234855771007042	0.000000000107681037927314	0.000000000457587675287447	0.00000000885375372464448	0.0000000348185143563399
Sg_Z07_42	2.17554697339155	-0.0912137521955803	4.02595663041949	3.79882096977165	4.13660633693954	0.877132407349415	0.148317311043917	0.000000000000000471446023655253	0.00000000000000904596015568982	0.0000000000000100777741075162	0.000000000000286656685724907
Sg_Z09_20	1.68549789090639	1.30705905261834	2.01943165866762	0.837328049139312	2.04842463211502	0.384828797958748	0.333413462440806	0.00019838167971131	0.000357349332512285	0.000173276400519578	0.000304368761830241
Sg_Z10_1	1.605064719057	1.04820193437849	2.36185177083034	1.36392194265054	1.72567362879946	0.728854811347045	0.206490386771849	0.0000000000930144397426785	0.000000000457012161509109	0.000000000103443669083868	0.000000000715846972846793
Sg_Z12_45	0.722895239882773	-1.01413243929775	2.13401927079094	3.43684686774983	4.16789297785105	0.760135419511431	0.189137229067191	0.000000000000085013868983025	0.000000000000681071273609726	0.0000000000163422242557247	0.00000000013312938084802
Sg_Z14_36	0.162951266870903	0.745549616166356	-1.14364223208186	-1.61364010334168	2.99313935320315	-0.490480431422064	0.298485942037596	0.0000339523146345134	0.0000694107247695158	0.00000522480823815665	0.0000127525597730778
Sg_Z14_45	-0.469063533923359	-1.07122894337417	0.402113599534512	1.2107284218839	3.70380583166834	0.313418553407226	0.371153846818423	0.0071793482374921	0.0101769014649027	0.00352394540291628	0.00506946160853149
Sg_Z14_58	1.48374408194345	1.27381727660126	1.74378035003092	0.745659552677016	3.79458320378427	0.18933937441882	0.417067308102959	0.0315193327184373	0.0411156680805862	0.0532256372773861	0.0655551166724837
Sg_Z15_39	1.08590374343559	1.91743218275363	-0.212233320543123	-1.68700708434244	3.89579933080859	-0.393631544373675	0.339581832151258	0.00121440121537272	0.00199285770493272	0.00034273314721511	0.00058147580251429
Sg_Z15_51	-1.51111307098275	-2.29623560867867	-0.67217272493271	1.50881912324836	3.88465311751003	0.338190841521589	0.324759616346639	0.00324708991415473	0.00489637827456157	0.000140165783151673	0.000250018831429088
Sg_Z17_26	-0.237073481951497	0.937852954066456	-3.78755978054536	-4.38502205690043	5.9826005846356	-0.676106825323845	0.235279982544217	0.00000000539508796850519	0.0000000176176999429176	0.00000000328421452897683	0.0000000146811344870435
Gp_MJ2_113	0.421644317960729	0.739961687072145	0.0330804796160846	-0.646096914510284	2.48636881886326	-0.235679260115806	0.394230769763949	0.113405913910438	0.136599909503847	0.0252327911754662	0.0322879971113096
Gp_MJ1_12	0.86405906068859	-0.0935318188817424	2.27785202019413	2.22780556176672	2.4721969689457	0.845067986598946	0.180528848753547	0.000000000000239668352008937	0.00000000000198707850189257	0.00000000000177034014146801	0.0000000000189979247766214
Gp_YAB_339	-0.91513480516338	-0.384079024171188	-1.36857731266485	-0.998145697240293	4.79590181821412	-0.166821156207501	0.421533285655167	0.176485546634064	0.205601957698806	0.111413490194148	0.131064938002049
Gp_MJ4_65	-5.90669928237792	-6.58530438906385	-4.7282790322588	2.13538383823143	4.93827103653223	0.390200510053775	0.314347513653613	0.000239232846941428	0.000411279412545576	0.0000483251298978197	0.0000918230572390815
Gp_YAB_333	-4.44052894548618	-4.12653131075692	-5.04080771307973	-0.794903535954113	4.08309765990559	-0.17357487721328	0.410958904552188	0.0750184173674855	0.0919501680562407	0.0356310081213487	0.0446341625873302
Gp_MJ1_272	-2.6514752453537	-3.13214914121525	-1.93855119819634	1.2690183617743	2.71994523012227	0.406425098430692	0.303773132575189	0.000014136862877966	0.0000306571254990511	0.0000152123584655667	0.0000328306796615728
Sg_A17_17	1.83885812214162	1.73962052437569	1.96058329684848	0.325934880440938	3.11881421025048	0.0890501094223779	0.452884615613527	0.276806796200189	0.308549962863085	0.266559654804818	0.295811907536799
Gp_NH_148	-1.34981855660076	-2.43672262687873	0.140204275459534	2.48908847070451	3.43780475754202	0.668434298258592	0.221100698896524	0.0000000000295356062186915	0.000000000157158419572868	0.000000000609981187507248	0.0000000032930196983072
Gp_meta27_16	-0.340079582907181	-1.65995630473868	0.750641699151113	2.45526144285756	4.00075214725074	0.576601845772851	0.254265803049424	0.0000000140594014224164	0.0000000434004308946292	0.000000168489930264018	0.000000503695179475345
Gp_MJ1_444	-0.251345009793237	-0.819419490997204	1.14698615517967	1.90286087718268	2.23837786015409	0.794705974513899	0.178082194427246	0.00000000000852747618880252	0.0000000000544923141459968	0.00000000000233393417433395	0.0000000000240741251623714
Sg_A19_12	2.22036836685286	1.99434860619386	2.33987001886013	0.392547293273248	2.792183996027	0.130457009482118	0.444844989454028	0.215321699777384	0.244596531645675	0.249335628590762	0.278460963779491
Sg_A19_51	0.698969182599994	0.801325847661023	0.506033207701069	-0.31401319613606	1.9868231299588	-0.1342386307853	0.429464071483135	0.077371105945699	0.0956972886914235	0.126496688685532	0.146852971032347
Sg_B07_12	-0.506597096384559	0.17449723807165	-1.9254145207964	-2.37543904440205	3.78883427269201	-0.563652594534507	0.261057693798831	0.000000231192722304042	0.000000612945099424169	0.0000000950826279051902	0.000000298958761767944
Gp_MJ3_423	-2.173179234002	-2.67030782233401	-1.20338189329638	1.36428704521839	4.52733736803499	0.282166835765475	0.372836539116228	0.0114971712933278	0.0157060784630193	0.0041566065428936	0.00591333009614574
Sg_A33_4	-2.30495026201637	-2.45248508011454	-1.93857220639501	0.573088837859025	5.48575774011965	0.097665176459547	0.454217736343342	0.140354525617418	0.166125712259097	0.278484494870398	0.308042239962754
Sg_C02_30	0.358952249402231	-0.181015681155873	0.939532729178746	0.855707935790591	4.37308190661664	0.174226849848091	0.429464071483135	0.173998244340094	0.201777589845644	0.118828455761107	0.138618292603434
Sg_C14_34	0.906751731168307	0.576124150465659	1.98650818970003	0.81986949781232	5.49707866302506	0.144769618706147	0.437635184154947	0.208812220067362	0.238421672290323	0.182305277595767	0.207570807316661
Sg_A11_10	1.11004511278803	-0.0718573169467724	2.21743139483119	2.4851503801274	3.21163458764876	0.73623012774506	0.21052631788517	0.00000000000766153231316035	0.0000000000494375394002078	0.000000000168384943844203	0.00000000109389613530743
Sg_A19_36	-5.14527000631777	-5.27925689911119	-4.82637487757438	0.594200143825554	6.26622242230206	0.0874399100175541	0.458173077125909	0.296308501186803	0.326457966584004	0.397046067002261	0.425457851284127
Sg_C04_33	-0.269166596117428	0.670389527582717	-1.52925836171252	-2.16253426996376	3.6674487255902	-0.540014678350186	0.255948090943608	0.0000000937174283698421	0.000000262790168088228	0.000000120105468240056	0.000000368909001081127
Sg_CM21_15	-1.62073038145478	-0.757234839530029	-2.77304372209137	-2.32038071599406	4.51601621182885	-0.483645779601092	0.287740385862195	0.00000434845121105461	0.0000105377148464693	0.00000338937184427115	0.0000086267505615485
Sg_B26_4	-1.12290369927343	0.0467029624601834	-1.59640337041738	-1.69413233371731	2.60923359640081	-0.588574597744037	0.263942309155055	0.0000000000456409374909717	0.000000000246658899631134	0.000000128133658651539	0.000000391330468159595
Sg_CG50A_22	0.24805831018482	0.92903276556014	-0.12132776646457	-1.04560748090984	2.07109150196039	-0.422000379107208	0.312905552597224	0.0000000554437889701861	0.000000161893994677528	0.0000230532027227495	0.0000481757668847233
Sg_B19_40	-0.623094681657053	-1.00794762044993	0.283681722886324	0.956343670757914	3.9875798165051	0.203532049668408	0.402644231256511	0.182126924763146	0.209455692509375	0.0189476794663543	0.0245594541695587
Sg_CB03_47	1.19844458632486	1.08375263547973	1.53401203669024	0.152696540128862	1.65353944268252	0.0826606850549494	0.461057692496359	0.622316498345054	0.645420626689741	0.389477859917103	0.418812918404614
Sg_A34_19	-0.774526387267649	-0.985007197673097	-0.401708083653927	0.791578702539451	2.68645837485907	0.25832216935496	0.36730769299507	0.00382673570787867	0.00570481384372049	0.0033263085202735	0.00480476711116746
Sg_CK51A_47	1.19124796866354	1.16369515971334	1.35855878113933	0.138244301268521	1.76300890715503	0.0710625611429985	0.468990384765285	0.37079752418132	0.402457867769249	0.432327361454833	0.460260436727169
Sg_EB03_22	-3.30267823727429	-3.85960685323381	-2.20522377078995	1.68203448888374	6.16653038866603	0.265563883063315	0.373317308344182	0.00359188438680242	0.005359071978345	0.00442666662463872	0.00626953410097551
Gp_meta27_511	0.106477122310711	0.438093601511709	-0.47683993863243	-0.806996512851285	2.1759039176609	-0.336477574320484	0.352078827985245	0.00238377547856516	0.00368079237857791	0.000936931835710581	0.00149101405728284
Sg_CD23A_20	2.21036175973957	2.10937200708909	2.30253785322307	0.0738569527271986	1.43340119258191	0.0442395452268042	0.478010093833514	0.682478279457963	0.702410154931958	0.595722306332993	0.617061773842131
Sg_A01_16	-3.95408255819539	-4.8343328645757	-0.546921619672387	3.63065359396503	7.21665147628131	0.469841243883591	0.308819996271191	0.000112640582051287	0.000204331776936085	0.000039781429420324	0.0000782552589596552
Sg_B26_35	-1.6729187743997	0.929164234376664	-2.8783744026368	-2.59157222411405	5.2162954568715	-0.486723069572986	0.300168229935798	0.000000927767202862979	0.00000242727878378406	0.0000124077423682104	0.0000274380010314859
Sg_G11_20	-3.48568537782446	-1.7266613128851	-4.46779011529564	-2.00310305292742	6.08908618013258	-0.346230332752165	0.326604182635753	0.0000464913022021684	0.0000920683753119442	0.000285704186254062	0.000485829960773805
Sg_CM33A_9	2.94098647793165	3.02814988366414	2.80443911007801	-0.207871396513974	1.55902125232391	-0.129186719646847	0.447355769487114	0.205267612252187	0.234753355553506	0.274041152721595	0.303229499543274
Sg_M02_8	-0.841310815550467	-1.69026566845733	0.881752913756914	2.34348546479001	2.84592260518803	0.733932945096758	0.218697430483717	0.000000000297850384221339	0.00000000128007867106766	0.000000000504733355864791	0.00000000278697632489322
Sg_G18_1	1.14856296549963	2.99044839960658	-3.05339239202136	-5.08318286619666	5.62775109250735	-0.874274330308545	0.175480771930884	0.0000000000000261230791543094	0.000000000000270976592776791	0.00000000000100101221713838	0.0000000000123056790900689
Sg_CA11_45	-0.95842152417851	-1.05655399603183	-0.868646603135665	0.629890376670126	5.78587186941471	0.107521207196507	0.438461538762429	0.186731552961278	0.216553154283593	0.206866977031695	0.233639718276565
Sg_M21_45	0.0215933697849309	-0.390549148251814	0.46764321682282	0.999361093091756	2.36975195060325	0.368979455728905	0.311703918383622	0.00134089559932624	0.00217857098106635	0.0000431798089503863	0.0000849201261321887
